Title,Link,Description
HP 빅터스 16 가성비 게이밍 <b>노트북 리뷰</b>,https://blog.naver.com/ggs0011/223652439685,"HP 빅터스 16 가성비 게이밍 <b>노트북 리뷰</b> 오늘은 가성비 게이밍 노트북으로 유명한 HP 빅터스 16 리뷰로 스펙부터 특징 및 가격까지 알아보는 시간을 갖도록 할 텐데, 오늘 소개해 드리는 빅터스 16 경우 유명... "
울트라 7 탑재 가성비 <b>노트북</b> 에이수스 비보북 S 16 OLED <b>리뷰</b>,https://blog.naver.com/tlwmzp123/223614401911,"코어 울트라 7 155H 프로세서에 16GB 온보드 램, 1.5kg 정도의 가벼운 무게의 #16인치 노트북이니... 여기까지 에이수스 #비보북S 16 OLED <b>노트북 리뷰</b>였습니다. -이 포스팅은 쿠팡 파트너스 활동의 일환으로... "
갤럭시북5 Pro 360 <b>리뷰</b>: 태블릿과 <b>노트북</b>을 넘나드는... ,https://blog.naver.com/sinsungcns/223652075039,그럼 바로 제품의 리뷰글을 보러 가실까요? 갤럭시북5 Pro 360은 노트북과 태블릿의 경계를 허물며... 뉴스룸 바로가기 : https://me2.do/xpryvI0W #해시태그 #갤럭시북5Pro360 #<b>노트북리뷰</b> #태블릿모드 #AI기능 #S펜활용... 
갤럭시 북4 엣지 Copilot+ PC 14인치 ARM <b>노트북 리뷰</b>,https://blog.naver.com/lucky_box7/223494610207,"이전 갤럭시 북4 시리즈 <b>리뷰</b>도 했지만 기본 구성품은 크게 다르지 않습니다. 갤럭시 북4 엣지 <b>노트북</b> 본체와 USB-C to USB-C 충전 케이블, 65W 충전 어댑터 구성입니다. 디자인 역시 비슷하다고 보면... "
삼성전자 갤럭시북4 프로360 AI 인공지능 <b>노트북 리뷰</b>,https://blog.naver.com/j2ymoon/223462216399,이렇게 <b>리뷰</b>하게 되었습니다. 삼성 갤럭시북4 프로 360 NT960QGK-K71A 모델명: NT960QGK-K71A 명칭... 삼성에서 이렇듯 완성도 있게 <b>노트북</b>을 내놨는데 기존 갤럭시북3 프로를 쓰는 저희는 슬슬 바꿈신이 오고... 
LG 울트라PC 15UD40R-GX56K <b>노트북  리뷰</b>,https://blog.naver.com/fnzkwm/223596643083,"극한의 가성비를 따지면서 살아왔기에 최근까지도 계속 실사용하고 있었던 한성<b>노트북</b> B34가 너무 느려지고 답답해져서, 큰맘 먹고 구입한 LG <b>노트북</b>입니다 ㅎ (https://blog.naver.com/fnzkwm/220388567244 &amp; 한성 B34... "
에이서 프레데터 헬리오스 18 게이밍 <b>노트북 리뷰</b> 최상의 성능,https://blog.naver.com/joytoseon/223485576247,게이밍 <b>노트북</b>의 세계에서 최상위 성능과 혁신적인 디자인을 찾고 있다면 에이서 프레데터 헬리오스 18 게이밍 <b>노트북</b>은 주목할 만한 제품입니다. 이 포스팅에서는 이 <b>노트북</b>의 주요 특징과 실제 사용... 
HP 13인치 휴대용 <b>노트북 리뷰</b> (13-BE2062AU) 윈도우11 초기... ,https://blog.naver.com/kbjgpfks/223435777335,안녕하세요~ 오늘은 정말 오랜만에 <b>노트북 리뷰</b>입니다. 요즘은 태블릿 사용 비중이 높아져서 노트북 말고 태블릿 구매를 고려하기도 했는데요. 태블릿보다 휴대성 면에서 조금 떨어지긴 하나 노트북이... 
쿠팡에서 산 가성비 <b>노트북 리뷰</b> 빅트랙 512GB • 8GB,https://blog.naver.com/akadora0566/223510655535,"<b>리뷰</b>를 남기고 인증하면 정품 as기간 연장해줘서 적는 슬픈 사연의 <b>리뷰</b>... 회사 특성상 내부... 있는 <b>노트북</b>을 들고 다니곤 했는데 인간은, 아니 나는 게으른 동물이라 몹시 번거로웠다 그래서 알리에서... "
영화 &lt;<b>노트북</b>&gt; <b>리뷰</b>: 클리셰적 정통 로맨스,https://blog.naver.com/pinksky-73/223634691569,넷플릭스에서 본 로맨스 영화 &lt;<b>노트북</b>&gt; <b>리뷰</b>. 레이첼 맥아담스가 배우 생활 초창기에 라이언 고슬링과 함께 찍은 로맨스물이다. 이 작품을 계기로 본격적으로 배우로 뜨게 되었으며 연인 역할로 나온 라이언... 
ASUS ROG SCAR 18 G834 <b>노트북</b> 언박싱 <b>리뷰</b>,https://blog.naver.com/all_in_box/223041608342,"가장 높은 스펙을 가지고 있는 신형으로 새롭게 출시된 18인치 게이밍 <b>노트북 리뷰</b>를... G834 노트북 언박싱 리뷰였습니다~ 사실 디자인은 전 세대들과 다이나믹한 차이가 없게 느껴지지만, 그 안에... "
ASUS X1504ZA <b>노트북 리뷰</b>,https://blog.naver.com/pupuddang/223661522501,"https://item.gmarket.co.kr/Item?goodscode=4020716814 G마켓 세일 기간 구매한 특가 <b>노트북</b>, ASUS X1504ZA <b>리뷰</b>, 사양은, Intel i3-1215U 8GB 512GB, 1. CPU 는 인텔의 12세대 i3 , 6코어, 8 쓰래드 , 요즘 보급형~중급형 <b>노트북</b>에... "
레노버 E585 라이젠5 <b>노트북 리뷰</b>,https://blog.naver.com/skfldhksk/223668168917,#레노버<b>노트북</b> #E585<b>노트북</b> #라이젠5<b>노트북</b> #사무용<b>노트북</b> #라이젠52500U <b>노트북</b>을 여러 대 구입하고 밖에서 안에서 사용을 많이 하는 저로서는 다양한 선택 기준이 있어요 저는 가격대와 성능의 비율을... 
MSI GF76 17인치 <b>리뷰</b> 가성비 게이밍 <b>노트북</b> 추천,https://blog.naver.com/tlwmzp123/223674077918,여기까지 17인치 대화면 가성비 게이밍 <b>노트북</b> MSI GF76 <b>리뷰</b>였습니다. 고성능에 대화면까지 챙겨가고 싶으시다면 추천드릴 만 한 제품이네요. 긴 글 끝까지 읽어주셔서 감사합니다.
가벼운 <b>노트북</b> 3개월 롱텀 사용기(NT940XGQ 갤럭시 생태계 <b>리뷰</b>),https://blog.naver.com/seoulhiker/223416328126,젠북 14인치의 성능이 좋다는 리뷰를 많이 봐온 탓에 고민을 깊이 했지만 충전기와 투박한 디자인... 가벼운 울트라북 노트북을 찾으시는 분들께 특히 추천! 내돈내산 삼성 갤럭시북4 프로 14인치 <b>노트북 리뷰</b>.
가벼운 무게에 강력한 성능을 갖춘 <b>노트북 리뷰</b>,https://blog.naver.com/gmldnjs5654/223675713665,"LG gram 15Z95N-GP79ML: 가벼운 무게에 강력한 성능을 갖춘 <b>노트북 리뷰</b> 안녕하세요, 알콩달콩 블로그의 여러분! 오늘은 LG의 신제품, 노트북인 LG gram 15Z95N-GP79ML 에 대해 소개해드릴게요. 이 제품은 특히 가벼운... "
고성능 게이밍<b>노트북 리뷰</b> HP 빅터스 15인치 고사양 노트북 추천,https://blog.naver.com/dicagallery/223466048028,고성능 게이밍<b>노트북 리뷰</b> HP 빅터스 15 15인치 고사양 노트북 추천 15-fb2031AX 최근 게임뿐 아니라 3D... 2024 Dicagallery 함영민 이 글은 주식회사 자로부터 리뷰를 위한 제품 대여와 원고료를 함께 받아... 
부산컴퓨터도매상가 업무용으로 완벽한 LG 중고<b>노트북 리뷰</b>,https://blog.naver.com/tkk6593/223592965122,부산컴퓨터도매상가 업무용으로 완벽한 LG 중고<b>노트북 리뷰</b> 노트북의 외관부터 살펴볼까요? 보시는... 성능 및 사용성 리뷰 이제 성능 이야기를 해볼까요? 인텔 듀얼코어 N3540 프로세서는 그다지 높은 성능은... 
게이밍 <b>노트북 리뷰</b> 기가바이트 G6X 9KG,https://blog.naver.com/ksw_a/223523617457,"이번 포스팅에서는 기가바이트주요 특징과 성능, 사용 경험을 바탕으로 한 상세한 <b>리뷰</b>를 공유하겠습니다. 이 제품이 왜 게이밍 <b>노트북</b> 시장에서 주목받고 있는지 그리고 어떤 점에서 특별한지... "
2024 LG 그램 14인치 <b>노트북 리뷰</b> &amp; 그램 100% 활용 방법,https://blog.naver.com/rprinted/223670556184,"그중 LG의 2024 그램 14인치 <b>노트북</b>을 처음 사용해 보았고, 사용기를 <b>리뷰</b>해 보려고 한다. 사양(스펙) 아래 사양은 글쓴이가 구매한 모델의 사양입니다. 사양은 다양하게 나와있어서 원하는 사양의... "
NT371B5L: 게이밍과 생산성을 모두 잡은 완벽한 <b>노트북 리뷰</b>,https://blog.naver.com/itshub/223677156702,"삼성 3시리즈 NT371B5L: 게이밍과 생산성을 모두 잡은 완벽한 <b>노트북 리뷰</b> 안녕하세요, 여러분! 블로그 '잇셥'에 오신 것을 환영합니다. 오늘은 게이밍과 사무 작업을 모두 소화할 수 있는 최고의 노트북, 삼성... "
갤럭시북4(NT750XGR-A31A) 가성비 <b>노트북 리뷰</b>,https://blog.naver.com/skekdlatjs1/223672357460,"이번에는 갤럭시북4 기본 모델에 대해 <b>리뷰</b>해보겠습니다. 광군제 할인을 통해 구매했고 가격은... 구성품으로는 <b>노트북</b>, 45W PD충전기가 있습니다. 100만원이 넘는 스마트폰에도 없는 고속 충전 어댑터가... "
"좋은 미니 PC <b>노트북 리뷰</b>, 사무용 노트북 태블릿 추천",https://blog.naver.com/tlswodud98/223626693976,안녕하세요~포이입니다:) 오늘은 조그마한 미니 <b>노트북 리뷰</b>를 해보려고 합니다! 오늘 소개할... 오늘 리뷰한 CHUWI MiniBook x N100노트북은 몇가지 사소한 불편함 제외하면 가격대비 훌륭한 성능과 기능이... 
Asus TUF Gaming A14 내구성 강한 게이밍 <b>노트북 리뷰</b>,https://blog.naver.com/joytoseon/223531090422,"최근 출시된 ASUS TUF Gaming A14는 게이밍 <b>노트북</b> 시장에서 주목받고 있는 제품입니다. 이번 포스팅에서는 이 <b>노트북</b>의 특징, 성능, 디자인 등을 상세히 살펴보겠습니다. 디자인 및 내구성 ASUS TUF Gaming... "
삼성 <b>노트북</b> 거치대 ST-N1000S 내돈내산 <b>리뷰</b>,https://blog.naver.com/hyunjin1345/223433419395,"이번에 갤럭시북4 프로 NT960XGQ-A52A 를 구매하게 되면서, 프로모션으로 노트북 거치대를 구매하게 되었습니다. <b>노트북 리뷰</b>는 아래 링크를 참고해주세요~^^ ST-N1000S 배송 박스 왠지 모르게 배송박스에서도... "
에이서 스위프트 GO 14 OLED <b>노트북 리뷰</b>,https://blog.naver.com/tlwmzp123/223289619074,지난번에 잠시 써봤던 에이서 #스위프트GO 모델에 대해서 간단하게 <b>리뷰</b>를 해봅니다. 에이서... 에이서 스위프트 <b>노트북</b>들은 꽤 예전부터 리프트 힌지를 썼는데 쿨링에도 도움이 돼서 저는 선호하는... 
[IT<b>리뷰</b> / <b>노트북</b>] ARM 윈도우! 갤럭시북 4 엣지  4개월... ,https://blog.naver.com/lekkbi123/223657838433,훑고 <b>리뷰</b>하겠습니다! 컴퓨터의 프로세서는 각 구조별로 각자만의 언어를 가지고있어요. 그거를 보통 Instruction Set Architecture (명령어 집합체) 줄여서 ISA 라고해요. 일반적인 컴퓨터나 <b>노트북</b>은 보통 인텔의... 
[리뷰] Basics  베이직북14 3세대 <b>노트북 리뷰</b>,https://blog.naver.com/sks4308/223613522759,베이직북 14 3세대 <b>리뷰</b> 2018년에 구입한 HP <b>노트북</b> 키보드가 망가졌다. 그동안 나랑 함께 이 나라 저 나라 다니며 여행 했는데 한국으로 이사 오기 전 키보드에 물을 쏟았고 그 결과 키보드가 사망을 하셨다.... 
모바일 워크스테이션 <b>노트북 리뷰</b> : 놀라운 개인... ,https://blog.naver.com/insunglab/223538530299,"오늘 <b>리뷰</b>하는 HP ZBook Power 15.6 G10 <b>노트북</b>은 강력한 CPU, GPU, 대용량 메모리, ISV 인증 등을 갖추고 있어 복잡한 작업을 처리하는 데 적합합니다. 01 언박싱 및 구성품 HP 모바일 워크스테이션의 박스... "
삼성 갤럭시 북5 프로 360 <b>리뷰</b>: 프리미엄 2-in-1 <b>노트북</b>,https://blog.naver.com/gamsa14/223625568617,"노트북, 갤럭시 북5 프로 360은 고성능과 혁신적인 디자인으로 주목받고 있습니다. 이번 리뷰에서... #갤럭시북5프로360 #Samsung노트북 #2in1노트북 #프리미엄노트북 #<b>노트북리뷰</b> #고성능노트북... "
삼성 갤럭시 북5 프로 360 <b>리뷰</b>: 프리미엄 2-in-1 <b>노트북</b>,https://blog.naver.com/gamsa14/223625568617,"노트북, 갤럭시 북5 프로 360은 고성능과 혁신적인 디자인으로 주목받고 있습니다. 이번 리뷰에서... #갤럭시북5프로360 #Samsung노트북 #2in1노트북 #프리미엄노트북 #<b>노트북리뷰</b> #고성능노트북... "
"인강용 학생 <b>노트북</b> 추천, 갤럭시북4 NT750XGR-A51A <b>리뷰</b>",https://blog.naver.com/nothing-at-all/223660895106,할인 정보 자세히 보러가기 #갤럭시북4 #갤럭시북리뷰 #블랙프라이데이할인 #가성비노트북... 블랙프라이데이 #가성비노트북추천 #삼성노트북 #<b>노트북리뷰</b> #학생노트북 #대학생노트북 #인강용노트북
Samsung 갤럭시 북4 Pro NT960XGK-K71AG <b>노트북 리뷰</b>,https://blog.naver.com/iris2733/223565507705,대한 <b>리뷰</b>입니다. 인텔® 코어™ Ultra 7 프로세서 155H를 통한 멀티미디어 성능을 확보하고 있고 차후 AI 솔루션 및 온/오프라인 AI 서비스를 위한 기술력을 탑재하고 있는 <b>노트북</b>입니다. 뿐만 아니라... 
&lt;MSI - CYBORG 15 A12VF&gt; 게이밍 <b>노트북 리뷰</b>,https://blog.naver.com/kdo37162/223374025115,MSI와 게이밍 <b>노트북</b> 컴퓨터 조립해 본 사람이라면 MSI라는 이름. 익숙할 것이다. 전 세계 메인보드 제조사 2위 브랜드 컴퓨텍스 2023 최고의 <b>노트북</b> 선정 대만의 제조업을 책임지는 대표적인 회사 MSI는... 
스칸디나비안 화이트로 완성된 슬림 &amp; 강력한 <b>노트북 리뷰</b>!,https://blog.naver.com/itshub/223677168457,"강력한 <b>노트북 리뷰</b>! 안녕하세요, 블로거 '잇셥'입니다! 오늘은 많은 분들이 궁금해하시는 에이수스 2024 젠북 S 14 OLED에 대해 자세히 리뷰해 보려고 합니다. 이 노트북은 특히 디자인과 성능 측면에서... "
ASUS ROG SCAR G733PZ-LL001 <b>노트북 리뷰</b>,https://blog.naver.com/all_in_box/223094232195,오늘은 아수스 17인치 게이밍 <b>노트북 리뷰</b>를 준비했습니다. 다양한 라인업 중에서 SCAR 시리즈는... 여기까지 오늘은 ASUS ROG SCAR 17 G733 노트북 언박싱 리뷰를 진행했습니다. 외강내강이라는 말을 다시... 
대학생과 직장인을 위한 최고의 가성비 <b>노트북 리뷰</b>,https://blog.naver.com/gmldnjs5654/223675951698,"가성비 <b>노트북 리뷰</b> 안녕하세요, 여러분! '알콩달콩' 블로그에 오신 것을 환영합니다. 오늘은 요즘 많은 대학생과 직장인들 사이에서 화제가 되고 있는 삼성 NT750XGR-A71A 노트북에 대해 자세하게 리뷰해... "
델 인스피론 15 3530 가성비 <b>노트북 리뷰</b> 120Hz 사무 일상용... ,https://blog.naver.com/tlwmzp123/223549323814,여러 가지 리뷰 작업을 하면서 다양한 노트북을 많이 써보는데 오랜만에 저렴한 제품을 하나 써보게... 그런지 이 정도면 딱 괜찮은 듯합니다. 여기까지 #델 인스피론 15 3530 #<b>노트북 리뷰</b>였습니다.
2024년 HP 15 <b>노트북 리뷰</b>: AMD Ryzen 7000의 성능과... ,https://blog.naver.com/ji2hy_443/223677348794,"2024년 HP 15 <b>노트북 리뷰</b>: AMD Ryzen 7000의 성능과 실용성을 탐구하다! 안녕하세요, 리뷰길잡이입니다! 오늘은 2024년 모델인 HP 15 노트북에 대해 깊이 있게 살펴보려고 합니다. 이 노트북은 AMD Ryzen 7000... "
쿠팡 LG그램15 코어i5 초경량 <b>노트북 리뷰</b>,https://blog.naver.com/3oxakqcyy/223655201503,새로운 노트북으로 이 제품을 고려해보시기 바랍니다. # LG그램15 코어i5 초경량 <b>노트북 리뷰</b>: 새로운... 이번 리뷰에서는 이 제품의 다양한 특징과 장점을 심도 깊게 살펴보겠습니다. ## 성능과 사양... 
15: 게임과 작업을 완벽하게 소화하는 2023년 최신 <b>노트북 리뷰</b>!,https://blog.naver.com/sjbs0808/223677627471,"HP 빅터스 15: 게임과 작업을 완벽하게 소화하는 2023년 최신 <b>노트북 리뷰</b>! 안녕하세요, 여러분! 여러분의 블로거 친구 '말랑꾼'입니다. 오늘은 2023년의 최신 노트북, HP 빅터스 15를 소개해드리려고 합니다. 이... "
프로 360: 업무 효율을 높이는 최고의 2-in-1 <b>노트북 리뷰</b>,https://blog.naver.com/cskforep11/223675856260,"2-in-1 <b>노트북 리뷰</b> 안녕하세요, 핏니스퀸입니다! 오늘은 여러분들과 함께 삼성의 최신 혁신이 담긴 ‘삼성 갤럭시북3 프로 360’에 대해 자세히 알아보려고 합니다. 이 노트북은 단순한 노트북을 넘어 더... "
"6인치 | 영상편집, 게이밍 가성비 <b>노트북 리뷰</b>",https://blog.naver.com/estiekim/223667194082,"덕분에, 제가 직접 사서 써보고, <b>리뷰</b> 영상도 만들어봅니다. 보다 자세한 내용은, 위의 내용을 확인해주세요. 오랜만에 <b>노트북</b>을 사니, 신납니다 ㅎ 아껴가며 잘 쓰고 잘 놀아야겠습니다. 궁금하신 부분은... "
쿠팡 최대할인 LG전자 2024 그램 <b>노트북 리뷰</b>,https://blog.naver.com/4i4hme7uu/223670302152,## LG전자 2024 그램 <b>노트북 리뷰</b> - 현대 기술과 디자인의 조화 ### 서론 오늘날 현대인들은 이동성과... 이번 리뷰에서는 LG전자의 2024 그램 노트북이 제공하는 다양한 기능과 장점에 대해 심층적으로... 
아수스 프로아트 스튜디오북 16 OLED 고성능 <b>노트북 리뷰</b>,https://blog.naver.com/ksw_a/223311019004,"동영상 편집 속도를 높이고 향상시키는 것을 목표로 하는 16인치 <b>노트북</b>은 제조사나 소비자... 깊은 스위치는 빡빡하고 탄력이 있었고, 가볍고 톡톡 튀는 촉감이 매우 정확했고 이 <b>리뷰</b>를... "
아수스 젠북 듀오 듀얼모니터 <b>노트북 리뷰</b> : 12세대 2022 모델,https://blog.naver.com/insunglab/223580660974,96cm 02 언박싱 ASUS Zenbook Pro 14 Duo OLED UX8402Z 14인치<b>노트북</b> 프리미엄 급 <b>노트북</b> 패키지 아수스 브랜드의 <b>노트북</b>을 <b>리뷰</b> 할 때 박스 패키지의 디자인이나 형태만 봐도 고급 라인인지 알 수 있는데요.... 
쿠팡 최대할인 삼성 LG 사무용 <b>노트북 리뷰</b>,https://blog.naver.com/rvd6cprss/223670967312,"# 최고의 사무용 <b>노트북</b>, 삼성 LG 13인치 및 15.6인치 모델 <b>리뷰</b> 현재 대부분의 직장인들에게 있어 <b>노트북</b>은 단순한 작업 도구 이상의 의미를 갖습니다. 회의에 참여하고, 문서를 작성하며, 실시간으로 정보를... "
(영화) 타로 카드로 본 《<b>노트북</b>》 <b>리뷰</b> : 첫사랑의 재회... ,https://blog.naver.com/blackpig-tarot/223623188165,감정적연결 #인생의선택 #영화분석 #타로해석 #TenOfCups #TheLovers #TheStar #<b>노트북</b> #재회 #로맨스영화 #영화<b>리뷰</b> #사랑의여정 #타로와영화 #감정의연결 #사랑의상징 #영화추천 #타로상징 #재회의기적 #영화속타로
초슬림 삼성 <b>노트북</b> 갤럭시북2 프로 NT950XEV-G51A 추천 <b>리뷰</b>,https://blog.naver.com/chschw1/223546717222,프리랜서노트북#공대생노트북 #게이밍노트북#고사양노트북 #고성능노트북#포토샵노트북 #롤노트북#싼노트북#노트북추천 #가벼운노트북#경량노트북 #대학생노트북추천#<b>노트북리뷰</b> #NT950XEVG51A
MSI 크로스헤어 17 HX RTX 4070 17인치 게이밍 <b>노트북 리뷰</b>,https://blog.naver.com/tlwmzp123/223587935271,"이 정도가 적당히 가성비도 챙기기 좋은 것 같아요. 여기까지 #MSI 게이밍 #<b>노트북</b> 크로스헤어 17 HX <b>리뷰</b>였습니다. 이 포스팅은 쿠팡 파트너스 활동의 일환으로, 이에 따른 일정액의 수수료를 제공받습니다"
프로 360: 대학생과 직장인을 위한 최강의 AI <b>노트북 리뷰</b>,https://blog.naver.com/gmldnjs5654/223675848807,"AI <b>노트북 리뷰</b> 안녕하세요, 블로거 알콩달콩입니다! 오늘은 대학생과 직장인을 위한 최고의 노트북... 이상으로 삼성 갤럭시북4 프로 360에 대한 리뷰를 마칩니다. 도움이 되셨길 바랍니다! 위의 링크를 눌러... "
삼성 사무용 인강 <b>노트북</b> 인텔 i5 i7 SSD장착 윈10 홈 <b>리뷰</b>,https://blog.naver.com/vkpmhrr33/223671738588,"구매를 고려하고 계신다면, 이 노트북이 여러분의 기대를 충족시켜 줄 것입니다. ### 삼성 사무용 인강 <b>노트북 리뷰</b>: 인텔 i5/i7, SSD 장착, 윈도우 10 홈 현대의 빠르게 변화하는 업무 환경 속에서, 노트북은... "
"HP 15-FC0223AU <b>노트북</b>, 라이젠5와 함께하는 완벽한 성능 <b>리뷰</b>!",https://blog.naver.com/ji2hy_443/223677656777,현재 노트북 시장에서 경쟁력이 있는 선택지가 될 것입니다. 향후 구매를 고려하는 분들에게 큰 도움이 되었으면 좋겠습니다! 이상으로 HP 15-FC0223AU <b>노트북 리뷰</b>를 마치겠습니다. 다음 리뷰도 기대해... 
"쿠팡 최대할인 듀얼코어 <b>노트북 리뷰</b>: 삼성, DELL, 엘지, HP... ",https://blog.naver.com/uah2o2lzz/223671252183,"# 듀얼코어 <b>노트북 리뷰</b>: 삼성, DELL, 엘지, HP SSD의 매력 ## 듀얼코어 프로세서의 장점 듀얼코어 프로세서는 현대의 컴퓨터 환경에서 꼭 필요한 금간 요소입니다. 이 노트북들은 삼성, DELL, 엘지, HP와 같은 각기... "
쿠팡 LG그램360 14인치 고사양 <b>노트북 리뷰</b>,https://blog.naver.com/fvwkipq11/223656645626,"고사양 <b>노트북 리뷰</b>: 최고의 성능과 혁신적인 디자인 ## 개요 오늘날의 디지털 환경에서, 노트북은... 이번 리뷰에서는 LG그램 14T90S의 다양한 측면을 심층적으로 살펴보겠습니다. ## 외관 및 디자인 LG그램360... "
슬림 5 라이트 14: 2024년 최고의 학생용 <b>노트북 리뷰</b>!,https://blog.naver.com/sjbs0808/223677699515,"학생용 <b>노트북 리뷰</b>! 안녕하세요, 블로거 '말랑꾼'입니다! 오늘은 2024년 최고의 학생용 노트북으로 손꼽히는 레노버 아이디어패드 슬림 5 라이트 14 를 자세히 리뷰해보려고 합니다. 학생들에게 필요한... "
쿠팡 2023 LG전자 그램 대학생 사무용 <b>노트북 리뷰</b>,https://blog.naver.com/osc8j1l11/223656413780,"이번 <b>리뷰</b>에서는 이 <b>노트북</b>의 세부적인 구성 요소와 기능, 사용 경험 등을 더욱 깊이 있게 살펴보겠습니다. #### 디자인과 건축적 장점 2023 LG전자 그램 <b>노트북</b>의 디자인은 단순히 시각적인 아름다움을... "
쿠팡 최대할인 삼성노트북9 NT901X5T 완벽한 중고 <b>노트북 리뷰</b>,https://blog.naver.com/blldudlmm/223671676700,"### 삼성노트북9 NT901X5T: 완벽한 중고 <b>노트북 리뷰</b> 삼성노트북9 NT901X5T은 뛰어난 성능과 세련된 디자인을 갖춘 중고 노트북으로, 인텔 i7-8550U 프로세서와 16GB의 램, NVME 1TB SSD를 탑재하여 다양한 사용자의... "
쿠팡 최대할인 중고 LG 그램 14Z990 i5 8세대 <b>노트북 리뷰</b>,https://blog.naver.com/qtqj7owrr/223671437685,### 중고 LG 그램 14Z990 i5 8세대 <b>노트북</b> 상세 <b>리뷰</b> #### 제품 개요 중고 LG 그램 14Z990 i5 8세대는 기술 혁신과 디자인의 이상적인 결합을 보여주는 <b>노트북</b>입니다. 최신 프로세서인 Intel Core i5 8세대가 탑재되어... 
영화 <b>노트북 리뷰</b> 출연진 실화 평점 포토 연애가 아닌 사랑이... ,https://blog.naver.com/withmekaris/223653833203,다른 분들의 영화 <b>노트북 리뷰</b>만 보아도 남성과 여성 모두가 좋아하는 명대사와 명장면이 너무 많습니다. ost음악도 적당하구요. 참고로 영화 노트북 포토나 예고편에는 다 담지못하는 감동적인... 
에이수스 비보북 S 15 OLED 라이젠 8845HS 가성비 <b>노트북 리뷰</b>,https://blog.naver.com/tlwmzp123/223491169136,"오늘 <b>리뷰</b>해 볼 <b>노트북</b>도 바로 그 라이젠 8845HS를 탑재한 제품인데 #OLED 스크린까지 들어갔는데요. 디자인과 스펙, 성능 벤치마크, 실 사용 후기까지 쭉 써 내려가 보겠습니다. 에이수스 비보북 S 15 OLED... "
MSI 벡터 17 HX RTX 4080 고성능 게이밍 <b>노트북 리뷰</b>,https://blog.naver.com/tlwmzp123/223499318090,게이밍 노트북입니다. MSI 벡터 17 HX 게이밍 <b>노트북 리뷰</b> MSI 벡터 시리즈는 게이밍 노트북 라인업... MSI 고성능 게이밍 노트북 성능 리뷰 제가 사용해 본 제품은 인텔 i9-14900HX 프로세서와 #RTX4080 175W 그래픽... 
에이수스 터프 게이밍 F17 <b>노트북 리뷰</b> 13세대 i9 RTX4060,https://blog.naver.com/tlwmzp123/223270943680,그중에서도 성능이 꽤 괜찮은 모델이라서 이렇게 리뷰해 봅니다. &gt;&gt; FX707VV4-LL017 <b>노트북 리뷰</b> 최근 리뉴얼 된 터프 노트북 디자인을 가지고 있고 메탈 소재의 상판에 터프 로고가 양각으로... 
에이수스 TUF A15 게이밍 <b>노트북 리뷰</b> 라이젠 8845HS 성능... ,https://blog.naver.com/tlwmzp123/223387752952,2024년에 출시한 ASUS TUF Gaming A15 <b>노트북</b>으로 이전에도 비슷한 제품을 <b>리뷰</b>한 적이 있는데요. 작년 모델에 비해서 각종 스펙이 확 업그레이드되어서 빠르게 <b>리뷰</b>해 보겠습니다. ASUS TUF Gaming A15 2024... 
한성 TFX6275H RTX3050 경량 게이밍 <b>노트북 리뷰</b>,https://blog.naver.com/tlwmzp123/222927161838,약 한달 전에 사용해본 <b>노트북</b>인데 간단하게 기록차 블로그에도 <b>리뷰</b>를 남겨봅니다. 오늘 <b>리뷰</b>에서 살펴볼 제품은 한성컴퓨터에서 출시한 TFX6275H라는 모델인데요. 간단하게 정리를 해보면 #가성비 경량... 
델 G15 5530 게이밍 <b>노트북 리뷰</b> RTX3050 가성비 노트북,https://blog.naver.com/tlwmzp123/223444618705,DELL G15 5530 게이밍 <b>노트북 리뷰</b> 델 G15는 여러 모델로 나뉘는데 그중에서도 저는 #5530 모델을... 이전에 리뷰했던 65W 급 RTX 3050 탑재한 노트북보다는 확실히 프레임 확보가 잘 되는 편입니다. 이 제품은 더... 
2024 베이직북14: 가성비 끝판왕의 인텔 셀러론 <b>노트북 리뷰</b>!,https://blog.naver.com/gmldnjs5654/223675957895,"셀러론 <b>노트북 리뷰</b>! 안녕하세요, 여러분! 오늘은 가성비가 뛰어난 노트북을 찾고 계신 분들을 위해... 오늘의 리뷰가 여러분에게 도움이 되었기를 바랍니다. 감사합니다! 위의 링크를 눌러 제품을... "
ASUS ROG Strix G18 게이밍 <b>노트북 리뷰</b> RTX 4080 성능 후기,https://blog.naver.com/tlwmzp123/223354914406,하판에 있는 LED 바와도 색상 연동이 가능하기 때문에 게이밍 <b>노트북</b>답게 정말 화려합니다. 전에 <b>리뷰</b>했던 G16도 그렇고 G18도 이렇게 화려한 RGB 라이팅이 있어서 은은한 맛을 더 살려주는 것 같습니다. ROG... 
LG 그램 프로 360 2in1 <b>노트북 리뷰</b> 컨버터블 PC 리뷰,https://blog.naver.com/tlwmzp123/223398714893,"360 #<b>노트북</b> 디자인과 성능, 스펙에 대해서 후기를 남겨봤습니다. 이전 모델보다 많이 개선된 모습이 보여서 확실히 개선된 부분이 보였고 앞으로도 더 다양한 부분이 개선되었으면 하네요. 긴 <b>리뷰</b>... "
그램15: 가정과 사무를 완벽하게 지원하는 11세대 <b>노트북 리뷰</b>,https://blog.naver.com/leesanghaesi2/223668304970,"11세대 <b>노트북 리뷰</b> 안녕하세요, 여러분! 오늘은 많은 분들이 궁금해하실 LG의 최신 노트북, LG 그램15... 여러분의 소중한 시간에 이 리뷰가 도움이 되었기를 바랍니다. LG 그램15에 대한 더 많은 이야기나... "
루이비통 노트 제인 <b>노트북</b> PM <b>리뷰</b>,https://blog.naver.com/dukilove0314/223580953090,루이비통 노트 제인 <b>노트북</b> PM <b>리뷰</b> 오늘의 <b>리뷰</b>는 가볍게 한번 소개해드릴 제품으로 루이비통 노트 제인 <b>노트북</b> PM 모델 이랍니다. 아마도? 실제 검색하시는분들이 적어서 찾아서 보실분이 계실지 모르겠지만... 
<b>노트북 리뷰</b> 에이수스 TUF 게이밍 A17 라이젠7... ,https://pgtyman.tistory.com/393,게이밍 <b>노트북</b>입니다. 상품 <b>리뷰</b> 및 할인가 확인 탁월한 성능과 안정성을 제공합니다. 멋진 Mecha Gray 디자인이 돋보입니다. 1024GB의 대용량 스토리지로 데이터를 효율적으로 관리할... 
삼성노트북 LG노트북 i5 i7 사무용 게이밍 가성비 <b>노트북 리뷰</b>,https://blog.naver.com/pd31866bb/223670506547,"### 삼성노트북 LG노트북 i5 i7 15.6인치: 가성비 최고의 사무용 <b>노트북 리뷰</b> #### 가성비 높은 사무용 노트북의 필요성 현대의 업무 환경은 빠르게 변화하고 있으며, 이에 따라 사무용 노트북을 선택할 때 가장... "
쿠팡 최대할인 HP 빅터스 15 게이밍 <b>노트북 리뷰</b>,https://blog.naver.com/bauta5977/223669835444,### HP 빅터스 15 게이밍 <b>노트북</b> 심층 <b>리뷰</b> HP 빅터스 15 게이밍 <b>노트북</b>은 게임과 다용도 컴퓨팅 작업에서 뛰어난 성능을 제공하는 고성능 기기입니다. 다양한 스펙과 최신 기술이 집약된 이 제품은 게임을... 
쿠팡 최대할인 LG전자 그램 14 화이트 <b>노트북 리뷰</b>,https://blog.naver.com/kd3q3fdww/223670459489,"## LG전자 그램 14 화이트 <b>노트북</b> 14Z980 심층 <b>리뷰</b> ### 제품 개요 LG전자 그램 14 화이트 <b>노트북</b> 14Z980은 혁신적인 기술력과 세련된 디자인이 결합된 <b>노트북</b>으로, 다양한 사용자들의 필요를 충족시키기 위해... "
B13VE 고성능 게임 영상편집 포토샵 캐드 15인치 <b>노트북 리뷰</b>,https://blog.naver.com/gbwbi2fss/223671712158,"이 노트북은 최고의 선택이 될 것입니다. # MSI 씬 15 B13VE <b>노트북 리뷰</b>: 고성능 게임, 영상 편집... 이 리뷰에서는 MSI 씬 15 B13VE의 다양한 특징과 장점, 실제 사용 사례를 통해 이 제품의 가치를 깊이 있게... "
쿠팡 최대할인 LG전자 그램 16인치 <b>노트북 리뷰</b>,https://blog.naver.com/ty92wtp66/223671548029,### LG전자 그램 16인치 <b>노트북</b> 깊이 있는 <b>리뷰</b> #### 개요 LG전자의 그램 시리즈는 경량화와 강력한 성능을 동시에 갖춘 <b>노트북</b>으로 잘 알려져 있습니다. 그 중에서도 16인치 모델은 탁월한 선택으로 자리 잡고... 
최신 HP 2024 <b>노트북 리뷰</b>: AMD Ryzen 7000의 성능과... ,https://blog.naver.com/ssafin1/223675863748,"최신 HP 2024 <b>노트북 리뷰</b>: AMD Ryzen 7000의 성능과 디자인을 탐구하다! 안녕하세요, 쇼핑이좋아입니다! 오늘은 많은 분들이 기다리셨을 HP 2024 노트북에 대해 자세히 살펴보려고 합니다. 화제가 되고... "
쿠팡 MSI A15 라이젠5 게이밍 <b>노트북 리뷰</b>,https://blog.naver.com/18b8h5ltt/223656318358,"## MSI A15 라이젠5 게이밍 <b>노트북</b> 심층 <b>리뷰</b> MSI A15 라이젠5 15인치 RTX3050 게이밍 <b>노트북</b>은 다양한 기능과 성능을 갖춘 다재다능한 게이밍 기기로, 현대 게이머와 크리에이터의 요구를 충족시키기 위해... "
17인치 한성 TGF176 중고<b>노트북 리뷰</b>: 고성능 i7... ,https://blog.naver.com/notebookseller/223675513977,17인치 한성 TGF176 <b>노트북 리뷰</b>: 성능 분석 및 정보 공유 안녕하세요! 컴상사입니다. 오늘은 고성능 노트북 중 하나인 한성 TGF176 모델에 대해 자세히 분석해보겠습니다. 이 노트북은 17인치 대화면... 
20주년기념 실화소설원작영화 <b>노트북</b> 정보 출연진 포스터 <b>리뷰</b>,https://blog.naver.com/wbtm33/223612990583,실화 소설 원작 로맨스 영화 &lt;<b>노트북</b>&gt; <b>리뷰</b> 구독자 여러분 안녕하세요 :) 와아 ~ 10월 9일 한글날!!! 영화 &lt;노트북&gt; 20주년 기념으로 재개봉해서 바아로 달려가서 보고 와떠염 &gt;&lt; 올해 2월 21일 영화 &lt;이프 온리... 
Lenovo ThinkPad T490 터치스크린 중고 <b>노트북 리뷰</b> 및... ,https://blog.naver.com/notebookseller/223677633072,Lenovo ThinkPad T490 터치스크린 <b>노트북 리뷰</b> 및 성능 분석 안녕하세요! 오늘은 중고 리퍼 노트북 전문 블로그인 컴상사에서 Lenovo ThinkPad T490 터치스크린 노트북에 대해 상세히 분석해보겠습니다. 이... 
<b>노트북 리뷰</b> MSI 2023 알파 17 라이젠9 라이젠 7000... ,https://pgtyman.tistory.com/151,"게이밍 <b>노트북</b> [<b>리뷰</b>작성 시 마우스 증정], WIN11 Home, 64GB, 512GB, 다크실버 🚩가격 : 160만원대 🚩리뷰 : 6개 할인가 확인 MSI 브라보 15 C7VFKP-R9, WIN11 Home, 16GB, 2TB, 라이젠9, 블랙... "
쿠팡 최대할인 LG전자 2024 최신 그램 15인치 <b>노트북 리뷰</b>,https://blog.naver.com/kpdigvhqq/223671998426,## LG전자 2024 최신 그램 15인치 <b>노트북</b> 심층 <b>리뷰</b> ### 서론 현대 사회에서는 빠르게 변화하는 기술에 발맞춰 나가기 위해 고성능 장비가 필수적입니다. LG전자가 2024년 출시한 최신 그램 15인치 <b>노트북</b>... 
<b>노트북 리뷰</b> 레노버 2022 리전 5i 프로 16IAH 16... ,https://pgtyman.tistory.com/454,"미사용리퍼 <b>노트북</b> B급제품 📢가격 : 130만원대 📢<b>리뷰</b> : 0개 할인가 확인 HP 2024 자비스 AI <b>노트북</b> 15 코어Ultra5-125H 인텔 14세대, Natural Silver, 512GB, 16GB, WIN11 Home, 15-fd1029TU 📢가격... "
최대할인 삼성전자 갤럭시북 15.6 재택근무 학습용 <b>노트북 리뷰</b>,https://blog.naver.com/a98ohdayy/223671036860,"### 삼성전자 갤럭시북 15.6 재택근무 및 학습용 <b>노트북 리뷰</b>: 성능과 디자인을 갖춘 최적의 선택 재택근무와 온라인 학습의 시대가 지속됨에 따라, 다양한 브랜드의 노트북들이 속속 출시되고 있습니다.... "
쿠팡 최대할인 점퍼노트북 14 슬림 비즈니스 <b>노트북 리뷰</b>,https://blog.naver.com/u8kxi1z66/223670004790,### 점퍼노트북 14 슬림 비즈니스 <b>노트북 리뷰</b> : 비즈니스 환경에서의 완벽한 파트너 비즈니스 전문가와 학생들의 니즈를 충족시키기 위해 설계된 **점퍼노트북 14 슬림 비즈니스 노트북 FHD+IPS**는 뛰어난... 
LG 15인치 광시야각 사무용 인강용 문서작업용 <b>노트북 리뷰</b>,https://blog.naver.com/l3vgfsu66/223671323003,"이 노트북은 정확한 선택이 될 것입니다. ## LG 15인치 광시야각 <b>노트북 리뷰</b>: 사무용, 인강용... 이번 리뷰에서는 이 노트북의 다양한 특성과 이점, 그리고 실제 사용 사례를 통해 보다 깊이 있는 이해를 돕고자... "
HP<b>노트북 리뷰</b>와 추천 모델,https://blog.naver.com/rllwu/223669624953,"HP <b>노트북 리뷰</b>와 추천 모델 HP는 오랜 역사와 전통을 가진 컴퓨터 제조사로, 다양한 용도에 맞춘 노트북 라인업을 보유하고 있습니다. 학생, 직장인, 게이머 등 각기 다른 사용자의 니즈를 충족시키기 위해... "
<b>노트북</b>받침대 데이웍스 포디즈 미니 <b>노트북</b>거치대 <b>리뷰</b>,https://blog.naver.com/leejanss/223663886260,하지만 <b>노트북</b>거치대의 부피가 큰 경우도 많고 직접 타이핑을 하다 보면 갑자기 푹 꺼지는 경우도 종종 발생해 불편함을 느끼시는 분들도 있을 것 같습니다. 오늘 <b>리뷰</b>하는 제품은 심플하고 작은 사이즈로... 
영화 &lt;<b>노트북</b>&gt; <b>리뷰</b> * 다시 봐도 좋은 진실한 사랑에 관한... ,https://blog.naver.com/kw1359/223615168098,"가너, 조안 알렌, 제임스 마스던, 헤더 월쿼스트 개봉 2024.10.09. #영화 #영화<b>리뷰</b> #최신영화<b>리뷰</b> #닉카사베츠 #<b>노트북</b> #영화<b>노트북</b> #재개봉 #라이언고슬링 #레이첼맥아담스 #소설원작 #니콜라스스파크스 #에무시네마"
에메모가든 백팩 맥북 15인치 <b>노트북</b> 가방  <b>리뷰</b>,https://blog.naver.com/danbiiimon/223522089696,에메모가든백팩 X 엔써이즈예스 콜라보 맥북 15인치 <b>노트북</b>가방 <b>리뷰</b> 기다리던 택배가 왔습니당~~ 요즘 블로그 열심히 하면서 맥북가방이 필요해서 고심고심해서 고른 에메모가든 백팩 MMO garden 우리집 모든... 
HP 2023 빅터스 i7 13세대 RTX 4060 <b>노트북 리뷰</b> (16-r0148TX),https://keistory.tistory.com/1418,HP 2023 빅터스 i7 13세대 RTX 4060 <b>노트북 리뷰</b> (16-r0148TX) 회사 노트북이 사용한 지가 5년 정도 되어가다 보니 상태가 좋지 않아서 구입하게 되었습니다. 그래픽 카드는 필요가 없었는데 AI 를 이용한... 
"<b>노트북 리뷰</b> 레이저 2022... 업무용 노트북, 미스틱... ",https://sinyako.tistory.com/170,"270만원대 ✅<b>리뷰</b> : 621개 할인가 확인 DELL<b>노트북</b> DELL Latitude 7270 i5-6세대 SSD/RAM8GB 장착 윈도우10/12.5(FHD)/, WIN10, 8GB, 256GB, 블랙 ✅가격 : 20만원대 ✅<b>리뷰</b> : 2개 할인가 확인 삼성전자 2024... "
<b>노트북 리뷰</b> MSI 2023... 게이밍 노트북 라이젠5... ,https://sinyako.tistory.com/142,6은 인텔 12세대 코어i5와 지포스 RTX 4060을 탑재한 512GB 용량의 블랙 <b>노트북</b>이다. 상품 <b>리뷰</b> 및 할인가 확인 고성능 인텔 프로세서 최신 지포스 그래픽 카드 대용량 SSD 저장 공간... 
레노버 아이디어패드 S340-14API 가성비 <b>노트북</b> 기계초보 <b>리뷰</b>,https://blog.naver.com/chedvlog/221993380892,레노버 아이디어패드 S340-14API 가성비 <b>노트북 리뷰</b> 가성비 14인치 노트북 추천 안녕하세요... 30만원대로 구매하시기엔 너무 괜찮은 노트북이라고 말씀드리고 싶습니다. 감사합니다. 다음은 패션리뷰에서... 
ASUS 비보북 프로 16X <b>노트북 리뷰</b>,https://blog.naver.com/all_in_box/222591353844,"업무 용도로 구매한, ASUS 비보북 프로 16X 제품의 언박싱 <b>리뷰</b>로써 직원 찬스로 우려먹는 느낌이... 95kg 배터리 : 96Wh 출처 : 제조사 이미 메인보드, 모니터, 그래픽카드, 그리고 <b>노트북</b>에 이르기까지... "
"<b>노트북 리뷰</b> HP 2023 오멘... 터치 노트북, 미스틱... ",https://max1013.tistory.com/271,상품 <b>리뷰</b> 및 할인가 확인 게이밍 <b>노트북</b>으로 높은 성능 제공다양한 게임에 적합한 RTX 4060 그래픽 카드용량 풍부한 512GB SSD와 32GB 메모리최신 운영체제인 WIN11 Home 지원스타일리시한... 
VAIO Pro 11의 후계자 - VAIO SX12 (2021) <b>노트북 리뷰</b> #2,https://loa1.tistory.com/721,찾아보니까 <b>노트북 리뷰</b> 사이트 notebookcheck에서도 VAIO SX12의 i5 CPU가 일반적인 i7 CPU보다 높은 성능을... 이 리뷰를 통해서 VAIO 노트북도 아직 이런 매력적인 제품이 나오고 있다는 정보가 전달되었으면... 
&quot;델 인스피론 15 7590 (i5)&quot; <b>노트북 리뷰</b> : 성능과 무게의 중심점,https://blog.naver.com/sun32ys/221740258447,"전체적으로 출중한 성능을 보이면서 배터리는 오래 가고, 한 손으로 휴대 가능할 만큼 가벼운 <b>노트북</b>을 찾으신다면 DELL 인스피론 7590 만한 모델이 더 있을까 싶습니다. 제 <b>리뷰</b>가 철저히 발열과... "
프로 SE: 고해상도와 성능을 갖춘 최강의 사무용 <b>노트북 리뷰</b>,https://blog.naver.com/leesanghaesi2/223669385773,"사무용 <b>노트북 리뷰</b> 안녕하세요, 블로그 'leesanghaesi2'의 여러분! 오늘은 사무용으로 제격인 최고의 노트북, 삼성전자 윈도우11 갤럭시북2 프로 SE NT950XFT-A51A에 대해 깊이 있는 리뷰를 준비했습니다. 이... "
만나는 최강의 64GB RAM과 4TB 스토리지 <b>노트북 리뷰</b>,https://blog.naver.com/1stmust3/223671374085,"스토리지 <b>노트북 리뷰</b> 안녕하세요, 블로그 지기 'leesanghaesi3'입니다! 오늘은 많은 분들께서 관심을 가지실 만한 신제품 노트북, 아수스 H7606WI-ME141X에 대해 깊이 있게 리뷰해 보도록 하겠습니다. 최신... "
<b>리뷰</b>: 가성비와 성능을 모두 갖춘 비즈니스 <b>노트북</b>,https://blog.naver.com/sodaui/223337745788,#ThinkPad #E14 #인텔 #Evo #IrisXe #비즈니스노트북 #가성비 #레노버 #<b>노트북리뷰</b> #노트북추천 이상으로 ThinkPad E14 Gen 5에 대해 알려드렸습니다. ThinkPad E14 Gen 5는 인텔 11세대 프로세서와 인텔 Evo... 
레노버 리전 프로7i :: 신제품으로 돌아온 게이밍 <b>노트북 리뷰</b>,https://blog.naver.com/dltmdgns2525/223033496787,오늘은 레노버 에서 새롭게 출시된 게이밍 <b>노트북</b>인 리전 프로 7i 에 관련된 <b>리뷰</b>를 간단하게 해볼까 합니다. 현재 사전예약 중이라고 하니 새로운 게이밍 <b>노트북</b>을 고려하고 계시는 분들이라면 참고하실 수... 
HP 850G4 중고 <b>노트북 리뷰</b>: 가성비 좋은 업무용 선택!,https://blog.naver.com/leesanghaesi/223661668402,"HP 850G4 중고 <b>노트북 리뷰</b>: 가성비 좋은 업무용 선택! 안녕하세요, 블로거 'leesanghaesi'입니다! 오늘은 많은 분들이 찾고 계시는 중고 노트북, 특히 HP 850G4에 대해 깊이 있는 리뷰를 진행해보겠습니다.... "
삼성 갤럭시 북4 NT750XGR-A71A  <b>노트북 리뷰</b>,https://blog.naver.com/tjd9612/223652545794,"마침 제가 쓰던 노트북이 자판이 망가져서,,,ㅠㅠ 이제 보내줄 때가 되었다고 생각하던 찰나! 세일이... 북4 NT750XGR-A71A <b>노트북 리뷰</b>를 마치도록 하겠습니다~ &gt;&gt; #코인비엠에스 장소 #코인비엠에스 #11번가"
쿠팡 LG전자 LG그램 17인치 13세대 인텔 i7 <b>노트북 리뷰</b>,https://blog.naver.com/mdvnrd566/223657544811,이 노트북은 기념일 선물이나 새로운 학기 준비를 위한 완벽한 선택이 될 수 있습니다. # LG전자 LG그램 17인치 13세대 인텔 i7 <b>노트북 리뷰</b>: 생산성을 극대화하는 완벽한 동반자 LG전자의 LG그램 17인치... 
쿠팡 LG전자 LG그램 17인치 <b>노트북 리뷰</b>,https://blog.naver.com/fc6h61499/223656806747,"노트북을 찾고 계신다면, LG그램을 고려해 보시기를 추천합니다. ### LG전자 LG그램 17인치 <b>노트북 리뷰</b>: 현대인을 위한 최적의 선택 LG전자 LG그램 17인치 13세대 인텔 i7 16GB 1TB 터치디스플레이 WIN11 17Z90R-H.... "
쿠팡 HP ProBook i5 6세대 고성능 <b>노트북 리뷰</b>,https://blog.naver.com/7n0u0w1cc/223656333322,"신뢰할 수 있는 브랜드인 HP의 제품으로, 여러분의 업무 효율성을 높이고 싶다면 이 노트북을 추천합니다. # HP ProBook i5 6세대 고성능 <b>노트북 리뷰</b> ## HP ProBook i5 6세대 - 완벽한 비즈니스 파트너 HP ProBook... "
쿠팡 LG그램360 14인치 고사양 <b>노트북 리뷰</b>,https://blog.naver.com/pmv8598rr/223657243043,만약 고사양 노트북을 찾고 있다면 LG그램360 14인치 14T90S는 꼭 고려해보세요. ## LG그램360 14인치 고사양 <b>노트북 리뷰</b>: 학생과 직장인을 위한 이상적인 선택 ### 제품 개요 LG그램360 14T90S는 진정한 프리미엄... 
2024년 HP 자비스 AI <b>노트북 리뷰</b>: 인텔 14세대의 성능과... ,https://blog.naver.com/gmldnjs5654/223665274231,"2024년 HP 자비스 AI <b>노트북 리뷰</b>: 인텔 14세대의 성능과 특징 탐구하기 안녕하세요, 블로그 '알콩달콩... 지금까지 HP 자비스 AI 노트북에 대한 리뷰를 전해드렸습니다. 더 많은 정보와 리뷰는 블로그... "
2024년 HP 자비스 AI <b>노트북 리뷰</b>: 인텔 14세대의 성능과... ,https://blog.naver.com/witrain66/223665274019,"2024년 HP 자비스 AI <b>노트북 리뷰</b>: 인텔 14세대의 성능과 특징 탐구하기 안녕하세요, 블로그 '알콩달콩... 지금까지 HP 자비스 AI 노트북에 대한 리뷰를 전해드렸습니다. 더 많은 정보와 리뷰는 블로그... "
쿠팡 LG전자 그램 14 화이트 <b>노트북 리뷰</b>,https://blog.naver.com/3tjcraagg/223655134475,"## LG전자 그램 14 화이트 <b>노트북</b> 14Z980 심층 <b>리뷰</b> ### 서론 IT 기기가 날로 발전하는 현대 사회에서, 휴대성과 성능을 모두 충족하는 <b>노트북</b>은 사용자의 필수품으로 자리 잡아가고 있습니다. 그 중에서도... "
PC: 라이젠 5의 모든 것과 최적의 가성비 <b>노트북 리뷰</b>,https://blog.naver.com/gmldnjs5654/223665293049,"HP 2024 15 Laptop PC: 라이젠 5의 모든 것과 최적의 가성비 <b>노트북 리뷰</b> 안녕하세요, 사랑하는 블로그... 이 노트북은 다양한 기능을 지원하면서도, 가격 대비 성능이 뛰어나 많은 소비자들에게 사랑받고... "
[<b>노트북리뷰</b>] 한성 U36C ForceRecon4357 체험기,https://blog.naver.com/dalmyo0328/220727233194,"대신 이번엔 간접<b>리뷰</b>가 아닌 직접<b>리뷰</b>를 들고왔지. 얼마전에 동생한테 카톡이 왔어. &quot;<b>노트북</b>을 골라달라.&quot; 용도를 물어봤더니, 문서작성 주로하는데 가끔 영화도 보고 필요하면 포토샵 등등... "
쿠팡 MSI 2022 Vector GP76 게이밍 <b>노트북</b> 완벽 <b>리뷰</b>,https://blog.naver.com/2ytjvk9yy/223657583396,"## MSI 2022 Vector GP76 게이밍 <b>노트북 리뷰</b>: 성능과 디자인의 완벽 조화 MSI 2022 Vector GP76 게이밍 노트북은 게이밍 시장에서 입지를 다지고 있는 MSI 브랜드의 최신 제품으로, 진정한 게이머들을 위해 설계된... "
프로: 대학생을 위한 최적의 영상편집 및 코딩 <b>노트북 리뷰</b>!,https://blog.naver.com/cskforep11/223668103613,"<b>노트북 리뷰</b>! 안녕하세요, 핏니스퀸입니다! 오늘은 대학생 여러분들께 강력하게 추천드릴 노트북... 이상으로 삼성 갤럭시북4 프로에 대한 리뷰를 마치겠습니다. 여러분의 대학 생활에 도움이 되었길... "
몇 번을 다시 봐도 좋은 첫사랑 영화 ‘<b>노트북</b>’ <b>리뷰</b>,https://blog.naver.com/hyenssi_/223591224564,평생 한여자를 사랑했으니 내 인생은 성공한 인생입니다. #영화추천 #로맨스영화추천 #<b>노트북</b> #영화<b>노트북</b> #명작영화 #멜로영화 #미국영화 #영화<b>리뷰</b> #재개봉영화 #이웃추가 #서로이웃환영 #서이추환영 #이웃환영
베이직북14 프로: 가성비 최고의 인텔 코어 i5 <b>노트북 리뷰</b>!,https://blog.naver.com/91mwbolt/223663320362,"2023년 베이직스 베이직북14 프로: 가성비 최고의 인텔 코어 i5 <b>노트북 리뷰</b>! 안녕하세요, 블로그... 그런 분들에게 완벽히 어울리는 노트북인 만큼, 이 제품에 대해 심층 리뷰를 준비해보았습니다. 제품... "
2024년 최신 HP <b>노트북 리뷰</b>: AMD Ryzen 7000으로 강력한... ,https://blog.naver.com/gmldnjs5654/223665286526,"2024년 최신 HP <b>노트북 리뷰</b>: AMD Ryzen 7000으로 강력한 성능을 경험하다! 안녕하세요, 블로거 '알콩달콩'입니다! 오늘은 2024년 최신 HP 노트북에 대해 소개해 드리려고 합니다. 특히, AMD의 최신... "
가성비 <b>노트북</b> ASUS x205ta <b>리뷰</b>,https://blog.naver.com/jjshoper87/220473468993,이번 리뷰는 저번에 제가 세일정보 올려드렸던 가성비 노트북 끝판왕 ASUS x205ta 입니다. 링크로 가시면... 노트북 구하시는 분들께는 정말 강추드리고싶은 노트북입니다!!! 이상 져니의 <b>노트북 리뷰</b> 마칠게용&gt;&lt;!!!
DELL Latitude 7270: 출장과 학업에 최적화된 <b>노트북 리뷰</b>,https://blog.naver.com/thunderbolt_544/223660865537,"작고 강력한 DELL Latitude 7270: 출장과 학업에 최적화된 <b>노트북 리뷰</b> 안녕하세요, 네이버 블로거 '기호상품모아'입니다. 오늘 소개할 제품은 많은 분들이 기다리셨을 DELL Latitude 7270 노트북입니다. 이번 리뷰... "
2024년 HP 자비스 AI <b>노트북 리뷰</b>: 인텔 14세대 Ultra5... ,https://blog.naver.com/gmldnjs5654/223665279061,"2024년 HP 자비스 AI <b>노트북 리뷰</b>: 인텔 14세대 Ultra5-125H의 성능과 디자인 분석 안녕하세요, 알콩달콩 블로그 방문자 여러분! 오늘은 기대감을 안고 새롭게 출시된 HP 2024 자비스 AI 노트북 을 리뷰해보려고... "
"Slim3-17IAU7 5D 노트북, 가성비 좋은 17인치 <b>노트북 리뷰</b>",https://blog.naver.com/naze01/223218722754,"5D <b>노트북</b>에 대한 <b>리뷰</b>를 마칩니다. 이 <b>노트북</b>은 크고 밝은 화면을 가지고 있으며, 램과 SSD를 확장할 수 있는 <b>노트북</b>이고고 배터리 공간에 2.5인치 슬롯이 남아있어 HDD와 메모리를 추가로 장착할... "
"거북목 탈출! 360도 회전, <b>노트북</b> 거치대 <b>리뷰</b>",https://blog.naver.com/nnuuuuuna/223499899425,내 소중하고 가느다란(?) 목을 위해 <b>노트북</b>을 사용할 때에도 거치대를 사용해야겠더라구요! 360도 <b>노트북</b> 거치대 나이아드 '<b>노트북</b> 거치대를 사용하는 이유'는 여러 가지가 있어요. ️ 인체공학적 이점: <b>노트북</b>... 
유그린 랩탑 스탠드 깔끔하고 안전한 <b>노트북</b> 보관 <b>리뷰</b> 1만원대... ,https://blog.naver.com/petloveit/223669304964,"직접 구매하고 구매 <b>리뷰</b> 작성하고 있는거니까요! 사용하시다가 맘에 안드시거나 가품이 의심스러우면 90일이네 환불도 해준답니다. <b>노트북</b>을 안전하게 보관하고, 책상을 깔끔하게 유지하고 싶다면 유그린 랩탑... "
삼성 NT371B5L: 고성능으로 무장한 최고의 가성비 <b>노트북 리뷰</b>,https://blog.naver.com/temis0930/223662521813,"최고의 가성비 <b>노트북</b>: 삼성 NT371B5L <b>리뷰</b> 안녕하세요, '수니하우스'의 여러분들! 오늘은 요즘 많은 사람들이 찾고 있는 가성비 <b>노트북</b>에 대해 소개해드리려고 합니다. 바로 삼성 NT371B5L 모델입니다.... "
미개봉 Dell 델 정품 크롬북 3110 2-in-1 교육용 <b>노트북 리뷰</b>,https://blog.naver.com/3nysv3t44/223655206445,## 미개봉 Dell 델 정품 크롬북 3110 2-in-1 교육용 <b>노트북</b> 심층 <b>리뷰</b> ### 서론 미개봉 [Dell] 델 정품 크롬북 3110 2-in-1 교육용 <b>노트북</b>은 현재 교육 분야와 원격 학습의 성장 추세에 발맞추어 설계된 제품입니다.... 
2023년 빅딜 아수스<b>노트북 리뷰</b>는 확인하고 구매해야죠.... ,https://eatyourchow.com/29345,아수스<b>노트북 리뷰</b>는 확인하고 구매해야죠. 내가 찾은 아수스노트북 합리적... 제품 하단에 상품가격비교 누르시면 자세한 리뷰(구매후기) 바로 보실수... 
[<b>리뷰</b>] 저렴한 20만원대 <b>노트북</b> 디클 클릭북 D141x2 <b>리뷰</b>,https://blog.naver.com/yourmoo/221372962169,저렴하고 예쁜 노트북 가성비 좋은 #노트북 #디클클릭북 #D141x2 리뷰 회사에서 작업하던 컴퓨터는 너무... D141x2 #<b>노트북리뷰</b> #노트북후기 #학생노트북 #선물추천 #생일선물 #노트북추천 #동영상강의... 
15 B13VE: 게임과 영상 편집 모두를 잡는 고성능 <b>노트북 리뷰</b>,https://blog.naver.com/ssl_1208/223663989213,"<b>노트북 리뷰</b> 안녕하세요, 정보용 블로그의 지기입니다! 오늘은 최근에 출시된 고성능 노트북 중... 이상으로 MSI 씬 15 B13VE에 대한 리뷰를 마치겠습니다. 앞으로도 더 다양한 제품을 소개해 드릴 테니 많은... "
쿠팡 LG전자 LG그램 17인치 13세대 인텔 i7 <b>노트북 리뷰</b>,https://blog.naver.com/ac3xfm8ll/223656893855,# LG전자 LG그램 17인치 13세대 인텔 i7 <b>노트북</b> 심층 <b>리뷰</b> LG전자가 선보인 LG그램 17인치 13세대 인텔 i7 <b>노트북</b>(모델명: 17Z90R-H.AAC8U1)은 현대인의 다양한 요구를 충족시키기 위한 완벽한 선택입니다. 전문가... 
인텔i5 가성비<b>노트북 리뷰</b>,https://blog.naver.com/dreamingsoy/222528672853,지난번에 인텔i5 <b>노트북</b> 살짝 보여드렸는데 가성비<b>노트북</b>으로 추천하며 <b>리뷰</b> 올립니다 :) 11세대 인텔® 코어™ i5 프로세서 HP 15s-fq2013TU <b>노트북</b>을 선택할 때 중요한 건 인텔® 코어™ 프로세서... 
LG 그램 14인치 <b>노트북 리뷰</b>: 가볍고 강력한 성능의 진수를... ,https://blog.naver.com/leesanghaesi2/223661624277,"LG 그램 14인치 <b>노트북 리뷰</b>: 가볍고 강력한 성능의 진수를 경험하다! 안녕하세요, 여러분! 오늘은 많은 분들이 기다리셨던 LG 그램 14인치 노트북, 인텔 10세대 화이트 모델(모델명: 14ZB995)을 리뷰해보려고... "
전문가용 HP ZBook Fury 15 G8 <b>노트북 리뷰</b>,https://blog.naver.com/j2ymoon/222627911032,전문가용 <b>노트북</b>과 마우스들은 AUTOCAD에서도 진가를 발휘합니다. 이 두 제품에 대해서는 별도 <b>리뷰</b> 예정이라 추후 포스팅을 참고하면 되겠습니다. 이 마우스는 영상편집에서도 쓰임새가 많네요 도면 작업... 
최신 HP 2024 <b>노트북 리뷰</b>: AMD Ryzen 7000으로 강화된... ,https://blog.naver.com/gmldnjs5654/223663551845,"최신 HP 2024 <b>노트북 리뷰</b>: AMD Ryzen 7000으로 강화된 성능과 디자인 탐험! 안녕하세요, 블로그... 지금까지 HP 2024 노트북에 대한 리뷰를 마치겠습니다. 다음 포스팅에서 더 흥미롭고 유용한 정보로... "
사무용 hp <b>노트북</b> 추천 : 가성비 14인치 모델 <b>리뷰</b> (할인정보),https://blog.naver.com/sinsungcns/223514638228,"다른 사용자들의 리뷰를 살펴보아도 대부분이 만족스러운 평가를 하고 있습니다. 특히, 합리적인... HP14 #<b>노트북리뷰</b> #휴대성좋은노트북 #내구성좋은노트북 #업무용노트북 #SSD노트북 #16GBRAM #배터리수명... "
LG 울트라PC 15U560: 가성비 최고의 중고 <b>노트북 리뷰</b>와... ,https://blog.naver.com/thunderbolt_544/223660886754,"<b>노트북 리뷰</b>와 성능 테스트 안녕하세요, '기호상품모아' 블로그를 찾아주신 여러분! 오늘은 우수한 가성비로 많은 이들의 사랑을 받고 있는 중고 노트북, ‘LG전자 LG울트라PC 15U560 15.6인치’를 리뷰해... "
프로: 대학생의 필수 아이템! 고해상도 AI <b>노트북 리뷰</b>,https://blog.naver.com/ssafin1/223665324000,"고해상도 AI <b>노트북 리뷰</b> 안녕하세요, 여러분! 오늘은 대학생들에게 필수 아이템으로 떠오르고 있는... 공부와 작업을 효율적으로 처리할 수 있는 매력적인 고해상도 AI 노트북이죠. 필자가 직접 사용해 본... "
ASUS 젠북S 16 OLED 16인치 가벼운 대화면 <b>노트북 리뷰</b>,https://blog.naver.com/mslink/223613465726,ASUS 젠북S 16 OLED 16인치 가벼운 대화면 <b>노트북 리뷰</b> ASUS Zenbook S 16 OLED UM5606WA-RJ165WA Scandinavian White... 성능과 디자인 모두 매력적인 ASUS (에이수스)의 프리미엄 노트북 ASUS Zenbook S 16 OLED 제품을 리뷰해... 
쿠팡 삼성전자 갤럭시북2 15.6 재택근무 학습용 <b>노트북 리뷰</b>,https://blog.naver.com/aup8xpgll/223656790051,"### 삼성전자 갤럭시북2 15.6 재택근무 및 학습용 <b>노트북</b> 상세 <b>리뷰</b> #### 재택근무와 온라인 학습의 새로운 패러다임 COVID-19 팬데믹 이후, 재택근무와 온라인 학습은 단기적인 유행이 아닌 일상으로 자리... "
우리는 애증의 관계 - LG <b>노트북 리뷰</b>(15N540-UT50K),https://blog.naver.com/ccgray/220339534048,"우선 내 LG <b>노트북 리뷰</b>에 앞서서 블로그를 하는 사람이나 영화 감상, 학교 과제 등등 별로 큰 일에 노트북을 쓰지 않는 이상 1키로대의 가벼운 노트북을 구매하시길... 경험자로서 말씀 드리고 싶다.... "
<b>노트북</b> 영화 정보 줄거리 결말 출연진 등장인물 <b>리뷰</b>,https://blog.naver.com/hoingjin/223647593949,노트북 영화 정보 줄거리 결말 출연진 등장인물 리뷰 우리의 사랑으로 이루지 못할 것은 없어 노트북... <b>노트북 리뷰</b> 2004년에 개봉한 ‘노트북’은 단순한 로맨스를 넘어선 작품입니다. 이 영화는 사랑의... 
부산<b>노트북</b>수리 프리도스 윈도우11 설치 <b>리뷰</b>,https://blog.naver.com/bomulcomputer/223639552708,PC견적 문의: https://m.site.naver.com/1v3N0 AS문의:https://m.site.naver.com/1v3O0 실시간상담 문의:https://m.site.naver.com/1pyzP #부산노트북수리 #프리도스 #윈도우설치 #보물컴퓨터 #<b>노트북리뷰</b> #IT리뷰 #윈도우설치방법... 
[삼성<b>노트북</b>] 아티브북2 NT270E5J-K85L <b>리뷰</b>,https://blog.naver.com/mecinzer7/220216503230,"[삼성노트북] 아티브북2 NT270E5J-K85L 리뷰' 이야기에서는 자랑을 할거에요 사실, 자랑이라기 보다는... SDD의 속도는 상상을 초월하니까요~ 삼성<b>노트북 리뷰</b>를 마칠께요 눈이 내리네요 눈길 조심하세요~"
LG전자 그램 14Z90S-GR5CK <b>노트북 리뷰</b>(feat.대학생노트북),https://blog.naver.com/rduyhjdr_1/223453514398,LG전자 그램 14Z90S-GR5CK <b>노트북 리뷰</b>(feat.대학생노트북) 안녕하세요. 요즘 코로나19로 인해 재택근무와 온라인 강의가 늘어나면서 노트북의 수요가 증가하고 있습니다. 그래서 오늘은 대학생들이... 
LG전자 2024 그램 15 15Z90S-GA5JK <b>노트북 리뷰</b>,https://blog.naver.com/rduyhjdr_1/223464145301,LG전자 2024 그램 15 15Z90S-GA5JK <b>노트북 리뷰</b> 안녕하세요. 요즘은 재택근무나 온라인 수업이 많아지면서 노트북을 사용하는 분들이 많은데요. 저도 얼마 전에 문서작업용으로 하나 장만했습니다. 그래서... 
MSI <b>노트북</b> Prestige 13Evo A13M <b>리뷰</b>,https://blog.naver.com/comsupport_/223505856360,실제로 보면 더욱 작고 가벼운 느낌입니다. 이렇게 한 손으로 들기에도 부담 없는 무게입니다. #msi노트북prestige13evoa13m리뷰 #msi<b>노트북리뷰</b> #13인치노트북추천
쿠팡 삼성전자 갤럭시북2 15.6 재택근무 학습용 <b>노트북 리뷰</b>,https://blog.naver.com/b6rhzcarr/223657402755,있는 노트북입니다. 다양한 기능과 뛰어난 성능으로 인해 작업 환경을 한층 향상시킬 수 있는 이 제품으로 새로운 경험을 시작해 보세요. ### 삼성전자 갤럭시북2 15.6 재택근무 학습용 <b>노트북 리뷰</b> **효율성을... 
삼성 갤럭시북3 360: 2023년 최고의 2-in-1 <b>노트북 리뷰</b> 및... ,https://blog.naver.com/leesanghaesi2/223659697364,2-in-1 <b>노트북 리뷰</b> 및 사용기 안녕하세요! 오늘은 2023년 최고의 2-in-1 노트북 중 하나인 삼성... 다음 포스팅에서 또 다른 제품 리뷰로 만나뵙겠습니다. 위의 링크를 눌러 제품을 확인하시고 구매해보세요!... 
HP 470-G2: 게임과 업무를 모두 소화하는 만능 <b>노트북 리뷰</b>,https://blog.naver.com/leesanghaesi/223654093954,"HP 470-G2: 게임과 업무를 모두 소화하는 만능 <b>노트북 리뷰</b> 안녕하세요, 여러분! 오늘은 최근에 사용해본 HP 470-G2 노트북에 대한 리뷰를 해보려고 합니다. 이 노트북은 업무와 게임, 그리고 일상적인... "
프로: 대학생활을 더 스마트하게! 사무용 최적화 <b>노트북 리뷰</b>,https://blog.naver.com/jbs5252_/223660832773,"사무용 최적화 <b>노트북 리뷰</b> 안녕하세요, 여러분! '가성비 헌터'입니다. 오늘은 대학생활을 더욱... NT960XGQ-A51A를 리뷰해 보려고 합니다. 모든 대학생들이 원하는 최적의 사무용 노트북이 무엇인지를 함께... "
"삼성 갤럭시북4, 가성비 최고의 <b>노트북 리뷰</b>와 추천",https://blog.naver.com/returnd13636/223659671140,"삼성 갤럭시북4, 가성비 최고의 <b>노트북 리뷰</b>와 추천 새로운 노트북을 구매하려는 모든 이들의 고민 중 하나는 바로 가격 대비 성능입니다. 삼성 갤럭시북4(NT750XGQ-A71A)는 그런 고민을 한 방에 해결해 줄... "
17 18인치 <b>노트북</b>가방 <b>리뷰</b>,https://blog.naver.com/uncledison/223649602940,"그러던 중에 눈에 띄게 튼튼해 보이 17인치 하드케이스 <b>노트북</b> 케이스를 <b>리뷰</b>하게 되었습니다. 외관 외관은 다크그린으로 중후한 색감이 인상적입니다. <b>노트북</b> 가방에는 RETOO 마크가 각인되어 있으며, 100... "
마이크로소프트 2024 Copilot 플러스 PC 서피스 <b>노트북 리뷰</b>,https://blog.naver.com/iw5bwxfhh/223655581926,**마이크로소프트 2024 Copilot 플러스 PC 서피스 <b>노트북 리뷰</b>** 2024 년형 마이크로소프트 Copilot 플러스 PC 서피스 노트북은 기술 혁신과 사용자 친화성을 결합하여 현대적인 작업 환경을 창출한 다목적... 
msi<b>노트북 리뷰</b>,https://blog.naver.com/legomas3397/220452374822,ㅎ 제가 미처 새 <b>노트북 리뷰</b>를 못했군요 ㅎㅎ 해드리겠습니다!! 제품명:MSI Leopard pro lite 가격은 할인받아서는 79만이지만 저는 80만원.... ㅠ 사진 갑시다자 택배가 왔죠?뾱뾱이 갖고 놀시간 없다 난 노트북... 
[  영화<b>리뷰</b>  ] <b>노트북</b> The notebook / 사랑의 시작과 끝을... ,https://blog.naver.com/rainie1004/223568143713,레이니의 영화 여행 6 <b>노트북</b> Untouchable <b>노트북</b> 감독 닉 카사베츠 출연 라이언 고슬링 레이첼 맥 아담스... 그리고 이 영화가 개봉한지 20년째가 되는 올해 드디어 보게 되었는데 제가 <b>리뷰</b>를 올린다는 것은 저... 
최적화된 삼성 갤럭시북3 Go: 가성비 좋은 윈도우 <b>노트북 리뷰</b>,https://blog.naver.com/leesanghaesi2/223661132931,"학생에게 최적화된 삼성 갤럭시북3 Go: 가성비 좋은 윈도우 <b>노트북 리뷰</b> 안녕하세요, 블로거... 여기까지 삼성 갤럭시북3 Go의 리뷰를 마치겠습니다. 학생들에게 꼭 필요한 노트북을 찾고 계신다면 이 제품을... "
게이밍과 업무 모두를 만끽할 수 있는 완벽한 <b>노트북 리뷰</b>!,https://blog.naver.com/91mwbolt/223663346644,"삼성 3시리즈 NT371B5L: 게이밍과 업무 모두를 만끽할 수 있는 완벽한 <b>노트북 리뷰</b>! 안녕하세요, 블로그 '잠들랑말랑'입니다! 오늘은 저희가 최근에 접하게 된 삼성의 최신 노트북 가운데 하나인 삼성 3시리즈... "
게이밍 성능과 스타일을 모두 잡은 완벽한 <b>노트북 리뷰</b>!,https://blog.naver.com/jsdlgg1/223661539244,"완벽한 <b>노트북 리뷰</b>! 안녕하세요, 햇살입니다! 오늘은 게이머들과 노트북 사용자들 모두를 만족시킬... 이 노트북은 놀라운 성능과 세련된 디자인으로, 실제 사용 경험을 바탕으로 자세히 리뷰해보겠습니... "
[제품<b>리뷰</b>]엘지 그램 <b>노트북</b>/13ZD940-GX58K/엘지그램i5,https://blog.naver.com/24hours_wealth/220218221180,[제품리뷰]엘지 그램 노트북/13ZD940-GX58K/엘지그램i5 &lt;썸네일&gt; 얼마전 구매한 <b>노트북 리뷰</b>입니다~!! 대학생활의 시작을 함께 했던 노트북이 대학생활의 끝과 함께 시들시들해져 가드라구요.. 무겁기도 하고... 
ROG 스트릭스 G16 지포스 RTX 4070 게이밍 <b>노트북 리뷰</b>,https://blog.naver.com/rduyhjdr_1/223460994147,에이수스 ROG 스트릭스 G16 지포스 RTX 4070 게이밍 <b>노트북 리뷰</b> 안녕하세요. 요즘 코로나19로 인해... 16인치 대화면 디스플레이 탑재한 고성능 게이밍 노트북이예요. 에이수스 ROG 스트릭스 G16은 16인치... 
워크스테이션 <b>노트북 리뷰</b>,https://blog.naver.com/ftgujhfhgfgh/223490258191,워크스테이션 <b>노트북 리뷰</b> 이번에는 워크스테이션 노트북에 대한 리뷰를 해보려고 합니다. 이 노트북은 정말 대단한 성능을 자랑합니다. 작업 속도가 빠르고 멀티태스킹에도 무리가 없어요. 이 노트북을... 
AUSU게이밍 <b>노트북 리뷰</b> (ASUS TUF A15),https://blog.naver.com/persephonenebula/223128854666,<b>노트북</b>이 있지만 전에 구입한것은 그냥 영상 시청용과 공부용으로 구입했기 때문에... 그리고 역시 게임은 <b>노트북</b> 보다는 데스크탑 쪽이 성능도 좋고... 외출도 별로 없었기 때문에 필요성을 느끼지 못하고... 
HP &quot;14-BP102TU&quot; HP 최초 8세대 <b>노트북</b>! <b>리뷰</b>!,https://blog.naver.com/einssystem/221232078531,오늘 <b>리뷰</b>할 제품은 세계 1위 PC브랜드에서 출시한 따근 따근한 인텔 카비레이크 8세대 <b>노트북</b>입니다! 2018년 들어서 점점 8세대 모델이 조금씩 출시되고 있는데요. 그 중 HP사에서 처음으로 출시한... 
2IN1: 최강의 성능과 디자인을 겸비한 휴대용 <b>노트북 리뷰</b>!,https://blog.naver.com/leesanghaesi2/223658815842,"휴대용 <b>노트북 리뷰</b>! 안녕하세요, 블로그 독자 여러분! 오늘은 최근에 출시된 삼성의 최신 휴대용 노트북, 삼성 갤럭시북프로2 2IN1 NT930QDB 에 대해 자세히 리뷰해보려고 합니다. 저도 이 제품을 직접... "
[제품<b>리뷰</b>] 삼성 갤럭시 북 프로 NT950XDY feat. 가성비 <b>노트북</b>,https://blog.naver.com/pridename/222593976147,안녕하세요 오늘은 새로운 노트북을 구매하여 리뷰를 해보고자 합니다. 그 동안 LG그램을 잘 쓰고... 혹시라도 노트북을 구매하고자 하셨던 분들은 아래 사이트를 확인해 주세요 그럼 <b>노트북 리뷰</b>를 한 번... 
에이서 스위프트 14 AI SF14 루나레이크 가벼운 <b>노트북 리뷰</b>,https://blog.naver.com/kor912/223672820010,"AI <b>노트북</b>은 최근에 출시된 인텔 울트라 파이브 26v 프로세서를 탑재한 최신 모델로, 효율적인 전력 소비, 성능 향상, 그리고 휴대성을 강조한 디자인이 특징입니다. 이번 포스팅에서는 이 <b>노트북</b>의 주요... "
에이서 프레데터 헬리오스 네오 V 16 게이밍 <b>노트북 리뷰</b> 가격... ,https://blog.naver.com/tlwmzp123/223254037290,이번에 잠깐 #게이밍 라인업을 하나 써볼 기회가 생겨서 짧게 써보고 <b>리뷰</b>를 하나 남겨봅니다.... 전반적인 디자인은 게이밍 <b>노트북</b>이지만 포트 확장성 하나만큼은 일반 <b>노트북</b>이나 워크스테이션 부럽지... 
가성비 <b>노트북</b> 14인치 HP <b>노트북</b> 14S-CF2055TU 제품<b>리뷰</b>,https://blog.naver.com/chanhobyun5/222578331893,"가볍게 사용하려고 구매한 가성비 <b>노트북 리뷰</b>를 시작해 보겠음 HP 노트북 14S-CF2055TU 퓨어 화이트 제품을 구매해서 잘 사용 중 2020년 11월 제품이고, 14인치 화면, IPS 급 광시야각 Display 탑재하여 선명한... "
재개봉 영화<b>리뷰</b> <b>노트북</b> 줄거리 결말 정보 인생 명작,https://blog.naver.com/i-83-love/223638459519,"오늘 준비한 영화<b>리뷰</b>는 여기까지입니다. <b>노트북</b> 감독 닉 카사베츠 출연 라이언 고슬링, 레이첼 맥아담스, 제나 로우랜즈, 제임스 가너, 조안 알렌, 제임스 마스던, 헤더 월쿼스트 개봉 2024.10.09."
i5-6200 8G SSD256G Win10 가벼운 슬림한 <b>노트북</b> 980g <b>리뷰</b>,https://blog.naver.com/2x826tdmm/223655326186,이 노트북을 통해 더 나은 작업 효율성을 경험해 보세요! ### LG 그램 14Z960 i5-6200 8G SSD256G Win10 완벽한 휴대성을 갖춘 슬림 <b>노트북 리뷰</b> #### 가벼움의 진가 LG 그램 14Z960은 단순히 가볍다고 해서 주목을... 
LG 그램13 - 가성비 최고의 사무용 및 인강용 <b>노트북 리뷰</b>,https://blog.naver.com/pjour/223643809136,"LG 그램13 - 가성비 최고의 사무용 및 인강용 <b>노트북 리뷰</b> 안녕하세요, 블로거 pjour입니다! 오늘은 'LG 노트북 그램13 13Z950'에 대해 자세히 리뷰해드리려고 합니다. 최근 온라인 강의와 원격 근무가 급증하면서... "
가성비 끝판왕! 삼성 NT551EBE 8세대 i5 중고 <b>노트북 리뷰</b>,https://blog.naver.com/pjour/223646147576,"삼성 NT551EBE 8세대 i5 중고 <b>노트북 리뷰</b> 안녕하세요, 블로거 'pjour'입니다. 오늘은 가성비 끝판왕으로 불리는 삼성 NT551EBE 8세대 i5 중고 노트북에 대해 깊이 있는 리뷰를 작성해 보려고 합니다. 가격대비... "
MSI 스워드 GF76 B13VFK: 최신 게이밍 고사양 <b>노트북 리뷰</b>... ,https://blog.naver.com/jsdlgg1/223661534584,"[MSI] 스워드 GF76 B13VFK: 최신 게이밍 고사양 <b>노트북 리뷰</b> 및 성능 분석 안녕하세요, 햇살입니다! 오늘은 최근에 출시된 게이밍 노트북 중 하나인 MSI 스워드 GF76 B13VFK에 대해 자세히 알아보려고 합니다.... "
"한손에 쏙 65W <b>노트북</b>충전기 <b>리뷰</b>, 여행용충전기 한개면 끝",https://blog.naver.com/insunglab/223624442102,01 한손에 쏙 65W <b>노트북</b>충전기 내셔널지오그래픽 디자인의 65W 3포트 충전기 내셔널지오그래픽 디자인 충전기 디자인이 굉장히 예쁘죠? 이전에도 솔루엠 삼성 전용 어댑터를 <b>리뷰</b>했던 적이 있는데요.... 
MSI Prestige 16 <b>노트북</b> 마지막 <b>리뷰</b> - 한달 사용 후기,https://blog.naver.com/okok1326/223372809202,"드디어 MSI 크리에이터 <b>노트북</b> 서포터즈로서의 마지막 활동입니다. 그동안 많은 <b>리뷰</b>를 했었는데, 엠에스아이 프레스티지 16 랩탑 사용 소감을 마지막으로 적게 되었군요. Studio A13VF <b>노트북</b>을 처음... "
MSI 가성비 게이밍 노트북 브라보 17 RTX4060 <b>노트북 리뷰</b>,https://blog.naver.com/tlwmzp123/223184096164,MSI 하면 보통 가성비 게이밍 노트북을 가장 먼저 떠올릴 텐데 신제품을 써볼 기회가 생겨서 리뷰를... 잘 썼던 것 같습니다. 여기까지 MSI #브라보17 게이밍 <b>노트북 리뷰</b>였고 읽어주셔서 감사합니다!
"이마트 일렉트로맨 가성비 <b>노트북 리뷰</b>, 확실한 A/S까지!... ",https://blog.naver.com/copy98/221707783847,"지금까지 테스터 자격으로 일렉트로맨 <b>노트북</b>을 미리 <b>리뷰</b>해보았습니다. 가성비 괜찮고, AS 잘되는 가정용 혹은 업무용 <b>노트북</b>을 찾고 계신다면 일렉트로맨을 추천합니다! &quot;본 포스팅은 제조사로부터 원고료... "
HP 2024 자비스 AI <b>노트북 리뷰</b>: 인텔 14세대의 혁신과... ,https://blog.naver.com/leesanghaesi/223650262445,"HP 2024 자비스 AI <b>노트북 리뷰</b>: 인텔 14세대의 혁신과 성능을 만나다! 안녕하세요, 여러분! 오늘은 올해 가장 기대되는 노트북 중 하나인 HP 2024 자비스 AI 노트북 15 코어Ultra5-125H 에 대한 리뷰를 해보려고... "
가벼운 <b>노트북</b> 추천! 성능도 가벼움도 놓치지 않은 최신 모델 <b>리뷰</b>,https://blog.naver.com/kingdom2914/223652212438,성능도 가벼움도 놓치지 않은 최신 모델 리뷰 안녕하세요! 요즘 노트북 고를 때 가장 중요한 기준 중... 오늘은 가볍고 휴대성 좋은 노트북을 찾고 있는 분들을 위해 가벼운 <b>노트북 리뷰</b>를 준비했습니다. 각... 
[<b>노트북</b>][구매][광고] 한성컴퓨터 언더케이지 TFX 245 <b>리뷰</b>,https://blog.naver.com/vi1986/221615272043,"한성컴퓨터 언더케이지 TFX245 브랜드 한성컴퓨터 지포스MX250, 초경량<b>노트북 리뷰</b>보기... 8기가랑 16기가에 렉걸리는 차이가 눈에 뜰정도가 데탑이랑 노트북에서 차이가남... "
LG 그램 15인치 <b>노트북 리뷰</b>: 초경량의 왕자와 나의 일상,https://blog.naver.com/techping/223643627965,"LG 그램 15인치 <b>노트북 리뷰</b>: 초경량의 왕자와 나의 일상 안녕하세요, 블로그 ‘tchping’입니다! 오늘은 제가 최근에 사용하고 있는 LG 그램 15인치 15Z90S-GA5PK Ultra5 노트북에 대한 리뷰를 해보려고 합니다. 이... "
"LG 울트라 PC, 성능과 디자인을 모두 갖춘 완벽한 <b>노트북 리뷰</b>!",https://blog.naver.com/djrdlfcjstk/223630789458,"완벽한 <b>노트북 리뷰</b>! 안녕하세요, 블로그 방문자 여러분! 오늘은 여러분께 LG전자의 새로운 노트북... 이번 리뷰가 여러분께 유용한 정보가 되었기를 바라며, 여기까지 읽어주셔서 감사합니다! 위의... "
삼성전자 갤럭시북4 Big이벤트: 고성능 i5/i3 <b>노트북 리뷰</b>와... ,https://blog.naver.com/leesanghaesi2/223656619023,i5/i3 <b>노트북 리뷰</b>와 사은품 총정리! 안녕하세요! 오늘은 많은 사람들에게 기대를 모으고 있는 삼성전자 갤럭시북4 Big 이벤트에 대한 이야기를 해보려고 합니다. 노트북을 선택하는 데 있어 고려해야 할... 
"<b>노트북 리뷰</b> MSI Sword GF76... 중고 노트북, WIN11 Pro... ",https://wusum.tistory.com/277,"게이밍 <b>노트북</b>, Free DOS, 16GB, 1TB, B 📢가격 : 140만원대 📢<b>리뷰</b> : 0개 할인가 확인 HP 2024 엔비 X360 14 라이젠7 라이젠 8000 시리즈, 14-fa0041AU, WIN11 Home, 16GB, 512GB, Glacier Silver 📢가격 : 150만원대... "
9720: 성능과 디자인이 완벽한 고스펙 게이밍 <b>노트북 리뷰</b>!,https://blog.naver.com/1stmust3/223655831477,"이 제품의 가격은 4,470,000원으로, 고급스러움과 성능을 겸비한 <b>노트북</b> 중에서는 합리적인 수준이라고 할 수 있습니다. 여러분도 XPS 17 9720과 함께 최고의 성능을 경험해 보세요! 그럼 오늘 <b>리뷰</b>는... "
사무용 최적 선택! 듀얼코어 SSD탑재 <b>노트북 리뷰</b>와 추천,https://blog.naver.com/91mwbolt/223633782211,"듀얼코어 SSD탑재 <b>노트북 리뷰</b>와 추천 안녕하세요, 잠들랑말랑입니다! 오늘은 사무용으로 최적화된 듀얼코어 SSD 노트북을 소개해 드리려고 합니다. 최근 원활한 업무 환경을 갖추기 위한 최선의 선택으로... "
심심해서 사 본 20만원대 <b>노트북</b> 에이수스 E210MA <b>리뷰</b>,https://blog.naver.com/gma_spiker/222439081597,뭐 별로 비싸지도 않은 싸구려 <b>노트북 리뷰</b>.. 길게도 쓰고 있다. 결론이나 내자. 에이수스 E210MA 리뷰 결론 1. 이 놈은 구리다 2. NVMe SSD를 달아주면 조금 들 구려진다 3. 저전력 노트북 + 팬리스 구조라... 
i7과 GTX 920MX가 만들어낸 강력한 성능의 <b>노트북 리뷰</b>!,https://blog.naver.com/wkmhbf5811/223641356930,"상품이름대로 다양한 스펙이 고루 갖춰진 이 <b>노트북</b>, 여러분의 작업환경에 날개를 달아줄 수 있는 파트너가 되지 않을까요? 이상으로 삼성 NT371B5L <b>리뷰</b>를 마치겠습니다.저희 '4마리그마리야' 블로그를 통해... "
영상편집을 완벽하게 소화하는 최강 <b>노트북 리뷰</b>!,https://blog.naver.com/1stmust3/223654795902,"최강 <b>노트북 리뷰</b>! 안녕하세요, 블로그 독자 여러분! 오늘은 게이밍과 영상편집을 모두 훌륭하게 소화할 수 있는 노트북, 바로 ASUS FX707VI-HX090 에 대해 자세히 리뷰해보려고 합니다. 이 노트북은 윈도우 11... "
LG 그램 14 <b>노트북 리뷰</b>: 가벼움과 성능을 겸비한 완벽한 선택!,https://blog.naver.com/pjour/223643812469,LG 그램 14 <b>노트북 리뷰</b>: 가벼움과 성능을 겸비한 완벽한 선택! 안녕하세요! 오늘은 요즘 많은 사랑을 받고 있는 LG 그램 14 노트북에 대해 자세히 리뷰해보려고 합니다. 많은 분들이 경량 노트북을 찾고 계신데... 
사무용<b>노트북</b> 레노버... 슬림 5 14인치 82XD002XKR <b>리뷰</b>,https://blog.naver.com/zepirostop/223293565007,혹시 사무용 노트북을 찾고 계신다면 이 제품을 고려해볼만하다 생각합니다. 개인적인 리뷰이니... 82XD002XKR 제품을 함께 고려해볼 가치가 있습니다. 이상 <b>노트북 리뷰</b>하는 흔한김군이었습니다. 감사합니다.
16: i7과 RTX 3050의 조합으로 완성된 게이밍 <b>노트북 리뷰</b>,https://blog.naver.com/leesanghaesi/223654090443,"오늘은 최근에 출시된 HP 2023 파빌리온 플러스 16, 특히 코어 i7 인텔 13세대와 지포스 RTX 3050 조합으로 이루어진 게이밍 <b>노트북</b>에 대한 자세한 <b>리뷰</b>를 진행해보려고 합니다. 이 조합에서는 어떤 성능을... "
삼성 NT551EBE: 가성비 최고의 8세대 i5 중고 <b>노트북 리뷰</b>,https://blog.naver.com/techping/223645977144,"삼성 NT551EBE: 가성비 최고의 8세대 i5 중고 <b>노트북 리뷰</b> 안녕하세요, 테크핑입니다. 오늘은 중고 노트북을 찾고 계신 분들에게 특히 추천드리고 싶은 제품, 삼성 NT551EBE를 소개해 드리겠습니다. 가성비... "
<b>노트북 리뷰</b> 에이수스 2024 ROG 스트릭스 G16 코어i9... ,https://wusum.tistory.com/221,상품 <b>리뷰</b> 및 할인가 확인 최신형 고사양 <b>노트북</b> 64GB RAM 탑재 2TB SSD 저장 공간 Windows 11 Home 설치 피씨오브플레이어 컴퓨터 게이밍 조립컴퓨터 올인원 풀세트 모니터포함 고사양PC... 
"LG 그램 14, 가벼움과 성능을 갖춘 최강 <b>노트북 리뷰</b>!",https://blog.naver.com/techping/223643695208,"LG 그램 14, 가벼움과 성능을 갖춘 최강 <b>노트북 리뷰</b>! 안녕하세요, 블로그 'tchping'의 여러분! 오늘은 많은 분들이 기대하셨을 LG전자의 최신 노트북, 그램 14 에 대해 자세히 알아보려고 합니다. 바로, LG전자... "
NT550XED-K24A: 학생과 업무에 최적인 가성비 <b>노트북 리뷰</b>,https://blog.naver.com/91mwbolt/223633794830,"삼성 NT550XED-K24A: 학생과 업무에 최적인 가성비 <b>노트북 리뷰</b> 안녕하세요, 블로그 '잠들랑말랑'의 여러분! 오늘은 학생들과 업무에 최적인 가성비 노트북, 바로 삼성 NT550XED-K24A에 대해 자세히 소개해... "
고 15: 인텔 13세대 i3로 가볍고 강력한 생산성 <b>노트북 리뷰</b>,https://blog.naver.com/1stmust3/223661659478,2024 에이수스 비보북 고 15: 인텔 13세대 i3로 가볍고 강력한 생산성 <b>노트북 리뷰</b> 안녕하세요! 블로거 'leesanghaesi3'입니다. 오늘은 최신 노트북 중 하나인 2024 에이수스 비보북 고 15 를 소개해드릴까 합니다. 이... 
갤럭시북2: 업무와 학습을 완벽하게 지원하는 가성비 <b>노트북 리뷰</b>!,https://blog.naver.com/leesanghaesi2/223659708431,"삼성전자 갤럭시북2: 업무와 학습을 완벽하게 지원하는 가성비 <b>노트북 리뷰</b>! 안녕하세요, 블로그 독자 여러분! 오늘은 제가 최근에 마음에 드는 노트북을 발견하여 여러분께 소개하려고 합니다. 바로... "
"SARTU 사르투 보부상 직장인 데일리룩, <b>노트북</b>가방 <b>리뷰</b>",https://blog.naver.com/lhm1011/223393939991,"숄더백 <b>리뷰</b>☺️ 왕큰 상자와 쇼핑백에 포장되어 도착한 TYE숄더백 사르투 <b>노트북</b>가방은 보다싶이 큰 사이즈인데, 디테일이 들어간 디자인이여서 무거워보이지 않고 포멀함과 캐주얼 다잡은 느낌을 준다.... "
AORUS 16X ASG 2024 <b>노트북 리뷰</b>,https://blog.naver.com/r3f1as/223600566199,"고사양 게임과 다양한 작업에 적합한 <b>노트북</b>을 찾고 계신다면, AORUS 16X ASG 2024는 매우 좋은 선택이 될 것입니다. 이 <b>리뷰</b>가 도움이 되셨다면 좋아요 와 구독 부탁드립니다! 다음에도 더... "
그램 14Z980: 가벼움과 성능을 갖춘 최강의 8세대 <b>노트북 리뷰</b>,https://blog.naver.com/pjour/223643827378,"8세대 <b>노트북 리뷰</b> 안녕하세요! 오늘은 제가 요즘 주목하고 있는 LG전자 GRAM 14Z980 모델에 대해 리뷰해보려고 합니다. 가벼운 무게와 뛰어난 성능으로 많은 사람들에게 사랑받고 있는 이 노트북, 어떤... "
게이밍과 성능을 모두 잡은 최고의 <b>노트북 리뷰</b>!,https://blog.naver.com/cfldlz1176/223641317124,"실용성과 성능, 디자인까지 모두 잡은 이 완벽한 <b>노트북</b>과 함께 여러분의 작업과 게임에서 새로운 차원을 느껴보세요! 다음에도 더욱 유용하고 재미있는 <b>리뷰</b>로 찾아뵙겠습니다. 여러분의 응원과 사랑에... "
위한 완벽한 선택! 삼성 갤럭시북 15인치 가성비 <b>노트북 리뷰</b>,https://blog.naver.com/techping/223645935151,"삼성 갤럭시북 15인치 가성비 <b>노트북 리뷰</b> 안녕하세요, 저의 블로그 'techping'에 오신 것을 환영합니다! 오늘은 대학생들에게 특히 추천하고 싶은 삼성 갤럭시북 15인치 가성비 노트북을 자세히 리뷰해보겠습니... "
"9720, 게이밍과 창작 모두를 만족시키는 최강 <b>노트북 리뷰</b>!",https://blog.naver.com/leesanghaesi/223649500626,"DELL XPS 17 9720, 게이밍과 창작 모두를 만족시키는 최강 <b>노트북 리뷰</b>! 안녕하세요, 블로거 leesanghaesi입니다! 오늘은 게이머와 콘텐츠 창작자 모두를 만족시킬 수 있는 고사양 노트북, DELL XPS 17 9720에 대해... "
HP 2023 15s <b>노트북 리뷰</b>: 12세대 인텔 코어 i5로 성능과... ,https://blog.naver.com/wkmhbf5811/223641395340,"HP 2023 15s <b>노트북 리뷰</b>: 성능과 디자인을 모두 잡다! 안녕하세요, 네이버 블로그 &quot;4마리그마리야&quot;의... 이상으로 HP 2023 15s 노트북에 대한 리뷰를 마치겠습니다. 질문이나 궁금한 점이 있다면 댓글로... "
MSI 모던 14 라이젠5 7000 시리즈: 가성비 갑 <b>노트북 리뷰</b> 및... ,https://blog.naver.com/91mwbolt/223633749188,"MSI 2024 모던 14 라이젠5 7000 시리즈: 가성비 갑 <b>노트북 리뷰</b> 및 활용 팁! 안녕하세요, 블로그... 오늘의 리뷰가 도움이 되셨다면 좋겠습니다. 가성비 노트북을 찾고 계신 분들은 꼭 한 번 고려해보세요! 다음... "
에이서 프레데터 헬리오스 네오 16 RTX4060 게이밍 <b>노트북 리뷰</b>,https://blog.naver.com/tlwmzp123/223107084059,써볼 일이 많아서 이렇게 종종 #겜트북 <b>리뷰</b>도 남겨보겠습니다. 긴 글 끝까지 읽어주셔서 감사합니다! * 본 <b>리뷰</b>는 제조사로부터 무상 대여 받은 <b>노트북</b>으로 별도 지원 없이 작성되었습니다.
레노버 씽크패드 P15 Gen1 <b>노트북 리뷰</b>(내돈내산),https://blog.naver.com/sir2117/223533746742,하지만 묵직하고 내구성 강한 공대감성을 원한다면 실망시키지 않는 <b>노트북</b>입니다. 매일매일 데일리 <b>노트북</b>으로 3년 넘도록 잔고장 없이 저력을 보여주고 있는 P15 Gen1 <b>노트북</b> 내돈내산 <b>리뷰</b>였습니다.
(<b>노트북 리뷰</b>)레노보 Lenovo S410 Pure White 아이디어패드,https://blog.naver.com/soojungholic/220030643685,레노버 Lenovo S410의 장단점 / <b>리뷰</b> / 후기 키보드 위치가 다른 놋북들과 달라서 아직 어색하지만 금방 적응될 듯..? 또 하나의 단점은 <b>노트북</b> 겉에 스크래치가 잘 생긴다는거ㅜㅜ 꼭 스킨붙일것! 가장 큰... 
<b>노트북 리뷰</b>,https://blog.naver.com/zo8047/223665523870,삼성 <b>노트북</b>은 뛰어난 성능과 디자인으로 많은 사랑을 받고 있습니다. 강력한 프로세서와 충분한 RAM을... 전반적으로 삼성 <b>노트북</b>은 성능과 편리함을 모두 갖춘 훌륭한 선택입니다. 동생 선물로 학생이 쓰기... 
ROG 스트릭스 G16 하이엔드 게이밍<b>노트북 리뷰</b> RTX4070 노트북,https://blog.naver.com/tlwmzp123/223136374047,"추후에 다른 게이밍 <b>노트북</b>도 #<b>리뷰</b> 정리해서 더 올려보겠습니다. 긴 글 끝까지 읽어주셔서 감사합니다! * 이 포스팅은 쿠팡 파트너스 활동의 일환으로, 이에 따른 일정 수수료를 제공 받습니다."
레노버 V15 Gen4 ABP: 가성비 뛰어난 라이젠 5 <b>노트북 리뷰</b>와... ,https://blog.naver.com/jungsgi1234/223586930485,"레노버 V15 Gen4 ABP: 가성비 뛰어난 라이젠 5 <b>노트북 리뷰</b>와 추천 사용법! 안녕하세요, 블로그 'jungsgi1234'의 독자 여러분! 오늘은 가성비가 뛰어난 노트북, 레노버 2024 V15 Gen4 ABP 에 대해 자세히 리뷰하고... "
함께하는 최고의 고사양 영상편집 <b>노트북 리뷰</b>,https://blog.naver.com/wkmhbf5811/223641296775,"영상편집 <b>노트북 리뷰</b> 안녕하세요, '4마리그마리야' 블로그에 오신 것을 환영합니다! 오늘은 영상편집을 위해 제작된 최고의 노트북 중 하나인 MSI 스텔스 18 Mercedes-AMG A1VHG-U9에 대해 리뷰해 보려고 합니다.... "
에이수스 비보북 Go 15: 가성비 최고의 라이젠5 <b>노트북 리뷰</b>!,https://blog.naver.com/cfldlz1176/223641261159,"에이수스 2024 비보북 Go 15: 가성비 최고의 라이젠5 <b>노트북 리뷰</b> 안녕하세요, 물병자리 보온병입니다! 오늘은 여러분께 최적의 가성비를 자랑하는 노트북을 소개해드리려 합니다. 바로 에이수스 2024 비보북... "
Slim 3: 성능과 디자인을 모두 갖춘 가성비 <b>노트북 리뷰</b>,https://blog.naver.com/djrdlfcjstk/223630763735,2024년 레노버 아이디어패드 Slim 3: 성능과 디자인을 모두 갖춘 가성비 <b>노트북 리뷰</b> 안녕하세요... 이상으로 레노버 2024 아이디어패드 Slim 3에 대한 리뷰를 마치겠습니다. 노트북 구매를 고려하고 계신... 
게이밍 A15 <b>노트북</b> 후기 RTX4060 라이젠 7735HS 성능 <b>리뷰</b>,https://blog.naver.com/tlwmzp123/223067933684,디스플레이 밝기가 조금 걸리기는 하는데 주변에 실사하시는 분들 보면 그럭저럭 잘 쓰시더라구요 ㅎㅎ 여기까지 에이수스 TUF 게이밍 A15 RTX4060 그래픽 탑재 <b>노트북</b> #<b>리뷰</b> 였습니다. * 본 리뷰는 해당... 
ASUS 정품 리퍼 <b>노트북 리뷰</b>: 인텔 12세대 i3로 만나는... ,https://blog.naver.com/owiki/223639605018,"ASUS 정품 리퍼 <b>노트북 리뷰</b>: 인텔 12세대 i3로 만나는 가성비의 정석! 안녕하세요, 여러분! 오늘은 제가 최근에 만나본 ASUS 정품 리퍼 15인치 가성비 노트북에 대한 리뷰를 쓸까 합니다. 이 노트북은 인텔... "
삼성 노트북3 NT371B5J: 가성비 좋은 사무용 <b>노트북 리뷰</b>와... ,https://blog.naver.com/techping/223645951750,"삼성 노트북3 NT371B5J: 가성비 좋은 사무용 <b>노트북 리뷰</b>와 사용 경험 안녕하세요, techping입니다! 오늘은 많은 분들이 찾고 계신 가성비 갑 사무용 노트북, 삼성 노트북3 NT371B5J에 대해 자세히 리뷰해 보려고... "
Studio 2  인텔 코어 Ultra 고성능 컴버터블 <b>노트북 리뷰</b>,https://blog.naver.com/erke2000/223626780629,#서피스스튜디오2 #SurfaceStudio2 #마이크로소프트 #Microsoft #2024신형<b>노트북</b> #14인치<b>노트북</b> #컨버터블<b>노트북</b> #슬라이딩방식 #우븐힌지 #2in1 #학생용 #대학생<b>노트북</b> #필기<b>노트북</b> #IT<b>리뷰</b>
시리즈: 완벽한 성능과 디자인을 갖춘 코어 i5 <b>노트북 리뷰</b>,https://blog.naver.com/wkmhbf5811/223641380695,"i5 <b>노트북 리뷰</b> 안녕하세요, '4마리그마리야'입니다. 오늘은 여러분께 아주 특별한 노트북을 소개해... 여러분의 쇼핑에 도움이 되었기를 바라며, 다음 리뷰에서도 알찬 정보로 찾아뵙겠습니다. 이상... "
12세대 노트북 i7-12700H와... 17인치 게이밍 <b>노트북 리뷰</b>!,https://blog.naver.com/whitepolarbear/222663527466,그래서 필자가 RTX3060 그래픽카드를 장착한 MSI 게이밍 <b>노트북</b> Sword GF76 12UE <b>리뷰</b>를 준비했습니다. 게임? 나에게 맡겨줘! Sword GF76 12UE은 무광 블랙을 사용한 스포티 블랙 디자인이 적용되었습니다. 그래서... 
갤럭시 북4 엣지 <b>노트북 리뷰</b>,https://blog.naver.com/pyw4423/223521108631,'헤어짐이 있으면 만남도 있는 법' 그 동안 사용했던 <b>노트북</b>을 떠나보내며 갤럭시 북4 엣지를 장만하게 되어 <b>리뷰</b>를 적어보려 합니다 갤럭시 북4 엣지 사양 삼성이 말하는 갤럭시 북4 앳지의 장점 1.... 
게임 성능과 디자인을 모두 갖춘 완벽한 게이밍 <b>노트북 리뷰</b>,https://blog.naver.com/jungsgi1234/223586923942,게이밍 <b>노트북</b>을 찾고 계신다면 이 제품을 고려해보시는 것을 추천드립니다. 읽어주셔서 감사합니다! 더 많은 <b>리뷰</b>와 정보는 저의 블로그에서 확인해 주세요. 다음 포스팅에서 만나요! 위의 링크를 눌러... 
15U470: 가성비 갑! 성능과 디자인을 모두 갖춘 <b>노트북 리뷰</b>,https://blog.naver.com/pjour/223643824093,이제 막 새롭게 <b>노트북</b> 구매를 고려하고 계신 분들에게 LG 울트라PC 15U470을 적극 추천드립니다. 멋진 성능과 세련된 디자인이 여러분의 일상과 업무에 큰 도움이 될 것입니다. 오늘의 <b>리뷰</b>가 도움이... 
종이가구 <b>노트북</b> 거치대 크라프트 13인치 <b>리뷰</b>,https://blog.naver.com/rocolife/223643819175,작은 소품들이 많아서 넣어두니 사무실 책상이 많이 깔끔해지더라고요~ 페이퍼팝 쑥토리지 <b>노트북</b> 거치대 사용 <b>리뷰</b> ✅종이가구조립이 간편합니다. 접고 고정하면 끝납니다. 가벼워서 이동이 편합니다.... 
NT500R5L: 가정과 사무를 완벽하게 소화하는 i5 <b>노트북 리뷰</b>,https://blog.naver.com/pjour/223636485464,```markdown 삼성 NT500R5L: 가정과 사무를 완벽하게 소화하는 i5 <b>노트북 리뷰</b> 안녕하세요! 오늘은 많은 분들이 궁금해하실 삼성 NT500R5L 노트북에 대해 자세히 리뷰해보려고 합니다. 이 제품은 특히 가정과... 
MSI A15 라이젠5 <b>노트북 리뷰</b>: 게임 성능과 가성비의 완벽한... ,https://blog.naver.com/91mwbolt/223624528812,"MSI A15 라이젠5 <b>노트북 리뷰</b>: 게임 성능과 가성비의 완벽한 조화! 안녕하세요, 잠들랑말랑의... 게이밍 노트북 (모델: B7UC, Free DOS, 16GB, 512GB, 코스모스 그레이) 에 대해 심도 깊은 리뷰를 해보려고 합니다. 이... "
영상편집을 완벽하게 소화하는 최강 <b>노트북 리뷰</b>!,https://blog.naver.com/1stmust3/223654814679,"ASUS FX707VI-HX090: 게이밍과 영상편집을 완벽하게 소화하는 최강 <b>노트북 리뷰</b>! 안녕하세요! 오늘은 게이밍과 영상 편집을 동시에 소화할 수 있는 최강의 노트북, ASUS FX707VI-HX090에 대해 자세히 알아보려고... "
프로SE: 고해상도와 성능을 겸비한 완벽한 사무용 <b>노트북 리뷰</b>,https://blog.naver.com/leesanghaesi2/223649392923,"삼성 갤럭시북2 프로SE: 고해상도와 성능을 겸비한 완벽한 사무용 <b>노트북 리뷰</b> 안녕하세요, 블로그에... 이 노트북은 특히 고해상도 화면과 뛰어난 성능을 자랑해 업무 효율성을 극대화할 수 있는 장점이... "
노트북 사용 후 느낀 아이디어 패드 게이밍 <b>노트북 리뷰</b>!,https://blog.naver.com/moldesign/222660854642,오늘은 제가 구매한 레노버 <b>노트북</b> 언박싱 및 <b>리뷰</b>인데 집에 있는 <b>노트북</b>이 전부 인텔라인 제품이라 amd 제품으로 구매해 보았습니다. 예전 AMD가 아닌 굉장히 안정적입니다. 그리고 게이밍 <b>노트북</b>이라 제가... 
삼성 갤럭시북4: 성능과 디자인을 겸비한 완벽한 <b>노트북 리뷰</b>!,https://blog.naver.com/ohsm2987/223635734916,"```markdown 삼성 갤럭시북4: 성능과 디자인을 겸비한 완벽한 <b>노트북 리뷰</b>! 안녕하세요, 여러분! 오늘은 최근 많은 관심을 받고 있는 노트북, 삼성 갤럭시북4 에 대해 자세히 리뷰해 보려고 합니다. 요즘은... "
작업을 완벽하게 수행하는 최강의 고성능 <b>노트북 리뷰</b>,https://blog.naver.com/cfldlz1176/223641356328,오늘은 게임을 사랑하는 게이머와 전문가를 위한 최강의 고성능 <b>노트북</b>인 MSI <b>노트북</b> Raider GE78 HX 13VH-i9 QHD Win11에 대해 <b>리뷰</b>를 해보겠습니다. 이 <b>노트북</b>은 고성능 하드웨어와 혁신적인 디자인으로... 
[<b>노트북 리뷰</b>]-[레노버 2023... 슬림3/레노버 노트북/50만원대... ,https://blog.naver.com/uopt1080/223347611981,구성품은 <b>노트북</b>과 충전기로 되어 있습니다. <b>노트북</b> 가방을 별도로 구매해야겠습니다. 이번에 구매한 레노버 2023 아이디어패드 슬림3 사진입니다. 레노버 2023 아이디어패드 슬림 3 상세스펙입니다.... 
LG전자 그램 Pro 16: 최고의 성능과 경량을 겸비한 <b>노트북 리뷰</b>,https://blog.naver.com/alliyahrollins/223630833206,"LG전자 그램 Pro 16: 최고의 성능과 경량을 겸비한 <b>노트북 리뷰</b> 안녕하세요, '새소식' 블로거입니다!... 노트북 구매를 고민하고 계신 분들께 이 리뷰가 도움이 되었기를 바랍니다! 향후에도 더 많은 신제품... "
acer 에이서 Aspire 아스파이어 V3-371-59M8 <b>노트북 리뷰</b>,https://blog.naver.com/bell1kr/220223045327,"수령 후 하루 만에 <b>노트북</b> ACER 에이서 ASPIRE 아스파이어 V3-371-59M8 <b>리뷰</b> 상품평을 사진 위주로 간단히 하고자 한다. 개봉기, 외형편, 부팅 후 윈도우 설치까지 글 하나로 직접 써본다. 산 곳 링크 먼저.... "
대학생 필수템?! 최고의 성능과 디자인으로 돌아온 <b>노트북 리뷰</b>,https://blog.naver.com/luvwhite_/223652217450,"깊은 <b>리뷰</b>를 해보려고 합니다. 요즘 강의를 듣고, 과제를 하며, 취미 생활까지 할 수 있는 멀티 기능을 갖춘 <b>노트북</b>이 필수라는 사실, 다들 동의하시죠? 이번 포스팅을 통해 이 <b>노트북</b>이 왜 그렇게 인기... "
게이밍을 완벽하게 소화하는 고성능 <b>노트북 리뷰</b>,https://blog.naver.com/1stmust3/223655816665,"ASUS FX707VI-HX090: 영상편집과 게이밍을 완벽하게 소화하는 고성능 <b>노트북 리뷰</b> 안녕하세요, 여러분! 오늘은 영상편집과 게임을 즐기는 분들에게 완벽한 선택이 될 ASUS FX707VI-HX090 노트북을... "
베이직북14: 가성비 좋고 실용적인 인텔 셀러론 <b>노트북 리뷰</b>,https://blog.naver.com/leesanghaesi2/223654068339,"셀러론 <b>노트북 리뷰</b> 안녕하세요, 여러분! 오늘은 많은 분들이 관심을 가질 만한 제품을 소개해드리고자 합니다. 바로, '2022 베이직스 베이직북14'입니다. 이 노트북은 실용성과 가성비 함께 갖춘 제품으로... "
삼성전자 갤럭시북4 엣지 AI<b>노트북 리뷰</b>,https://blog.naver.com/wjd949494/223509794964,"갤럭시북4 엣지 AI<b>노트북 리뷰</b> 대학생노트북, 프리미엄노트북, 코파일럿 삼성전자에서 새롭게 출시한 갤럭시북4 엣지 모델은 견고한 알루미늄 소재로 무게는 가볍고 성능은 업그레이드된... "
갤럭시북2 NT550XEZ <b>리뷰</b> / 100만원 이하 가성비 서브 <b>노트북</b>... ,https://blog.naver.com/ireunga/223603149403,<b>노트북 리뷰</b>하시는 분이 1.8이면 완전 가벼운 무게로 승부보는 제품들에 비해서 무거운 편일 뿐이지 사실 노트북이 성능과 무게는 비례할 수밖에 없으니 나쁘지 않게 가벼운 정도의 무게라고 하더라구요.... 
"최신 HP <b>노트북 리뷰</b>: 2023 HP 470 G10, 코어 i5의 성능을... ",https://blog.naver.com/leesanghaesi/223633888894,"최신 HP <b>노트북 리뷰</b>: 2023 HP 470 G10, 코어 i5의 성능을 한눈에! 안녕하세요! 블로거 이상해시입니다. 오늘은 최근 출시된 HP 2023 노트북 470 G10에 대해 자세히 리뷰해보려 합니다. 이 노트북은 인텔 13세대 코어 i5... "
NT551EBE: 강력한 성능과 세련된 디자인의 중고 <b>노트북 리뷰</b>,https://blog.naver.com/pjour/223636454282,"중고 <b>노트북</b>을 고려하고 계신다면, 이 제품은 한 번쯤 심사숙고해볼 만한 선택이 될 것입니다. 이상으로 삼성 NT551EBE에 대한 <b>리뷰</b>를 마치겠습니다. 도움이 되셨다면 좋겠습니다! 궁금한 점이나 더 알고... "
성능으로 무장한 게이밍 <b>노트북 리뷰</b> 및 추천 게임 리스트!,https://blog.naver.com/1stmust3/223654806231,<b>노트북 리뷰</b> 및 추천 게임 리스트! 안녕하세요! 오늘은 아수스의 최신 고사양 게이밍 노트북... 성능 3.1 게임 실적 길고 짧은 게임 리뷰를 알려드리기 위해 실제로 여러 게임을 플레이해보았습니다.... 
에이서 아스파이어 5 (Acer Aspire 5) <b>노트북 리뷰</b> [AMD... ,https://blog.naver.com/ww31ni/222056108210,배터리 일반 사용시 5시간 50분 등 총평 : 평범함 영상 <b>노트북</b> 하판에 봉인 스티커 뜯긴 모양 보니까 동일 기종이 아니라 내가 지금 <b>리뷰</b>하는 <b>노트북</b>과 같은 <b>노트북</b>으로 추정된다. <b>리뷰</b> 괜찮으므로... 
레노버<b>노트북</b> V15 G4 IRU 13420H <b>리뷰</b> (그램 삼성 <b>노트북</b>... ,https://blog.naver.com/silver8530/223663627807,"#레노버V15G4IRU #레노버13420H 레노버 <b>노트북</b>을 구매했다. 가성비의 원탑 <b>노트북</b> 레노버를 사용해보고 싶었다. 13세대의 i3 모델을 사용해보았는데, i5는 어떨까. 전기를 더 먹지만 성능이 그만큼 좋다는 13420h모델.... "
HP 2024 라이젠5 <b>노트북 리뷰</b>: 실속 있는 성능과 스타일을... ,https://blog.naver.com/91mwbolt/223624554689,"HP 2024 라이젠5 <b>노트북 리뷰</b>: 실속 있는 성능과 스타일을 겸비하다! 안녕하세요, '잠들랑말랑'입니다!... 자세히 리뷰해보려고 합니다. 컴퓨터 구매를 고려하고 있는 분들이라면 주목해 주세요! 이 노트북은... "
에이수스 TUF 게이밍 A14 RTX4060 14인치 게이밍<b>노트북 리뷰</b>,https://blog.naver.com/tlwmzp123/223541080550,최근 나온 신제품 중에 괜찮아 보이는 제품이 있었는데 마침 잠깐 써볼 기회가 생겨서 리뷰도 남겨봅니다. 에이수스 TUF 게이밍 A14 <b>노트북 리뷰</b> 보통 게이밍 노트북 하면 15인치부터가 제일 일반적인... 
LG그램 17인치 2023: 성능과 휴대성을 모두 갖춘 <b>노트북 리뷰</b>!,https://blog.naver.com/pjour/223643802398,"LG그램 17인치 2023: 성능과 휴대성을 모두 갖춘 <b>노트북 리뷰</b>! 안녕하세요, 블로거 pjour입니다! 오늘은 많은 분들이 기다리셨던 LG그램 2023 17인치 노트북 에 대해 자세히 알아보도록 하겠습니다. 최신... "
위한 완벽한 선물! 시크릿쥬쥬 터치터치 시크릿 <b>노트북 리뷰</b>,https://blog.naver.com/riepa_0101/223643183878,"시크릿쥬쥬 터치터치 시크릿 <b>노트북 리뷰</b> 안녕하세요, 채움이입니다! 오늘은 사랑하는 아이들을 위해 준비한 최고의 선물, 시크릿쥬쥬 터치터치 시크릿 노트북 에 대해 자세히 알아보려고 해요. 요즘 아이들은... "
울트라 PC 15UB470: 성능과 디자인을 갖춘 완벽한 <b>노트북 리뷰</b>!,https://blog.naver.com/pjour/223643794461,"LG전자 울트라 PC 15UB470: 성능과 디자인을 갖춘 완벽한 <b>노트북 리뷰</b>! 안녕하세요, 블로거 pjour입니다! 오늘은 최근에 저의 주목을 끌었던 노트북, LG전자 울트라 PC 15UB470에 대해 자세히 리뷰해 보려고... "
고사양 게이밍과 영상편집을 완벽하게 소화하는 <b>노트북 리뷰</b>!,https://blog.naver.com/wkmhbf5811/223641276590,"MSI 레이더 A18HX: 고사양 게이밍과 영상편집을 완벽하게 소화하는 <b>노트북 리뷰</b>! 안녕하세요, 여러분!... 가능한 노트북을 찾고 계시다면, 이 제품을 적극 추천드립니다. 오늘 리뷰가 여러분의 선택에 도움이... "
대학생과 직장인을 위한 가성비 최고 사무용 <b>노트북 리뷰</b>!,https://blog.naver.com/dusrn112233/223645474150,"<b>노트북 리뷰</b>! 안녕하세요, 블로거 웰빙입니다! 오늘은 최근 주목받고 있는 삼성의 사무용 노트북... 이상으로 삼성 NT750XGR-A71A 리뷰를 마치겠습니다. 더 궁금한 점이 있으시면 댓글로 남겨주시기 바랍니다!... "
17인치 터치: 성능과 실용성을 겸비한 최고의 <b>노트북 리뷰</b>!,https://blog.naver.com/91mwbolt/223624551220,"최고의 <b>노트북 리뷰</b>! 안녕하세요, 블로거 '잠들랑말랑'입니다! 오늘은 제가 최근에 직접 사용해본 LG그램 17인치 터치 노트북(모델명: 17Z90R)에 대해 심층적으로 리뷰해보려고 합니다. 이 노트북은 현대인의... "
2024: 가성비 최고의 14인치 <b>노트북 리뷰</b>와 사용 후기,https://blog.naver.com/jungsgi1234/223586920993,"14인치 <b>노트북 리뷰</b>와 사용 후기 안녕하세요, 블로그 독자 여러분! 오늘은 제가 최근에 구매한 레노보 아이디어패드 2024 모델에 대해 이야기해 보려고 합니다. 바로 이 노트북의 가성비가 무척 뛰어나서... "
"게이밍<b>노트북</b>, ASUS ROG Zephyrus GA401IU <b>리뷰</b>",https://blog.naver.com/hyjueng/221990074871,"좋은 제품을 자세하게 리뷰하는 꿈의왈츠입니다. 오늘은 처음으로 노트북을 소개해드리려고... 지금까지 ASUS ROG Zephyrus GA401 <b>노트북 리뷰</b>였습니다. 디자인은 물론 엄청난 스펙, 성능, 그리고... "
"LG노트북 13UD50N-GX30K , 13인치 <b>노트북 리뷰</b>!!",https://blog.naver.com/mjs097/221963929830,LG<b>노트북</b> 13UD50N-GX30K <b>리뷰</b>를 마치며 지금까지 저와 함께 LG<b>노트북</b> 13UD50N-GX30K 를 살펴보셨습니다. 50만 원대 무난한 가격과 가격 대비 괜찮은 성능을 지닌 휴대하기 편한 13인치의 <b>노트북</b> 거기에 LG... 
제피러스 G16 RTX4060 게이밍 <b>노트북 리뷰</b> ASUS 로그 노트북,https://blog.naver.com/tlwmzp123/223140661279,오늘 <b>리뷰</b>해 볼 제품은 올해 출시한 #제피러스 G16 게이밍 <b>노트북</b>인데 자세하게 한번 <b>리뷰</b>해 보겠습니다. ASUS ROG 제피러스 G16 에이수스 제피러스 시리즈는 이전에도 블로그 <b>리뷰</b>로 한번 썼던 적이... 
그램15 15ZD90S-GX59K 가볍고 강력한 최신형 <b>노트북 리뷰</b>,https://blog.naver.com/bptnkp3ee/223656769928,"### LG전자 2024 그램15 15ZD90S-GX59K: <b>리뷰</b> 및 깊이 있는 성능 분석 #### 가벼운 혁신의 아이콘 LG전자 2024 그램15 15ZD90S-GX59K는 최신 기술을 집약한 경량 <b>노트북</b>으로, 오랜 시간 동안 사용자의 기대를 뛰어넘는... "
인텔 셀러론 N5100으로 만나는 최적의 가성비 <b>노트북 리뷰</b>,https://blog.naver.com/leesanghaesi2/223653521532,"베이직스 2022: 인텔 셀러론 N5100으로 만나는 최적의 가성비 <b>노트북 리뷰</b> 안녕하세요, 여러분! 오늘은 저렴한 가격에 뛰어난 성능을 자랑하는 노트북, '베이직스 2022 베이직북14'를 소개해 드리려고 합니다.... "
HP 15S-FQ5304TU 윈도우11 프로 사무용 <b>노트북 리뷰</b>,https://blog.naver.com/rushnatsu/223651063506,"HP 15S-FQ5304TU 윈도우11 프로 사무용 <b>노트북 리뷰</b> 안녕하세요, 블로거 rushnatsu입니다! 오늘은 대학생 여러분께 적합한 노트북 하나를 소개해 드리려고 해요. 요즘 대학생들은 수업, 과제, 인강 등 다양한... "
(<b>노트북리뷰</b>) 레노보 Lenovo T440 씽크패드 -20B60094KR,https://blog.naver.com/soojungholic/220074622071,"이번 포스팅은 울트라북- 레노보 띵크패드 T440 -20B60094KR <b>리뷰</b>입니다. 금액은 아래 레노버샵... 제품박스 안에 가장 위에있는 작은 상자를 열어보니, <b>노트북</b> 배터리와 전원 어댑터가... "
HP Victus 15-fa1108TX - 가성비 최강의 게이밍 <b>노트북 리뷰</b>,https://blog.naver.com/dtaskyyn50/223565522449,게이밍 <b>노트북 리뷰</b> 얼마 전 저는 HP Victus 15-fa1108TX를 구입했습니다. 이 노트북은 가성비로... 'Display Ninja' 의 리뷰에서도 이 제품의 디스플레이 품질이 가성비 측면에서 긍정적으로... 
"<b>노트북</b>스피커 HK5008 사용 <b>리뷰</b>, USB스피커",https://blog.naver.com/ridecamp/223645148435,#<b>노트북</b>스피커 #USB스피커 #미니스피커 #PC스피커 #컴퓨터스피커 #유선스피커 HK5008 1. 들어가는 말 작은 <b>노트북</b> 스피커가 하나 필요하던 참에 HK5008이라는 모델이 눈에 들어왔습니다. 군더더기 없는 외형에 USB A... 
휴대성을 모두 잡은 가성비 끝판왕 중고 <b>노트북 리뷰</b>,https://blog.naver.com/gmldnjs5654/223644770414,"중고 <b>노트북 리뷰</b> 안녕하세요, 여러분! 블로그 '알콩달콩'의 블로거입니다. 오늘은 많은 분들이 라이브러리 또는 카페에서 작업할 때 많이 보이는 중고 노트북, 바로 레노버의 ThinkPad T14에 대한 리뷰를... "
서피스 프로 13: 최강의 성능과 휴대성을 갖춘 <b>노트북 리뷰</b>!,https://blog.naver.com/1stmust3/223658860146,"2024년 마이크로소프트 서피스 프로 13: 최강의 성능과 휴대성을 갖춘 <b>노트북 리뷰</b>! 안녕하세요! 블로거 'leesanghaesi3'입니다. 오늘은 마이크로소프트의 최신 노트북, 2024 서피스 프로 13 를 소개해드리려고... "
"i5, 사무용 및 인강에 최적화된 15인치 리퍼 <b>노트북 리뷰</b>",https://blog.naver.com/leesanghaesi2/223655775061,"삼성 NT301V5A i5, 사무용 및 인강에 최적화된 15인치 리퍼 <b>노트북 리뷰</b> 안녕하세요, 여러분! 이번 포스팅에서는 가성비 최고의 리퍼 노트북인 삼성 NT301V5A i5 모델을 소개하려고 합니다. 가격은 고작 139... "
LG 그램 14: 가벼움과 성능을 모두 갖춘 최고의 <b>노트북 리뷰</b>!,https://blog.naver.com/smartcom88/223630572846,"LG 그램 14: 가벼움과 성능을 모두 갖춘 최고의 <b>노트북 리뷰</b>! 안녕하세요, 여러분! 블로그 'smartmother88... 노트북 구매를 고려하고 계신 분들께 정말 추천드리고 싶은 제품입니다. 그럼, 오늘의 리뷰는 여기서... "
<b>노트북</b> 추천 및 <b>리뷰</b>: 2024년 최고의 선택은?,https://blog.naver.com/79fps/223601919052,해시태그: #노트북추천 #가성비노트북 #프리미엄노트북 #2024년노트북 #최신노트북 #레노버아이디어패드 #LG그램 #맥북프로 #노트북비교 #<b>노트북리뷰</b> #노트북성능 #노트북배터리 #노트북휴대성 #초경량노트북... 
"그램 <b>노트북 리뷰</b>: 휴대성 최강, LG 가전의 자부심",https://ssossso.tistory.com/798,"<b>노트북 리뷰</b>: 휴대성 최강, LG 가전의 자부심 안녕하세요! 요즘 정말 주목하고 있는 LG그램 노트북에... 학생과 직장인 모두에게 적합하며, 가성비가 좋은 리뷰가 많습니다. 또한, 윈도우 11 프로가 기본으로... "
게임용 <b>노트북</b>으로 포토샵... 헬리오스 네오16 ACER <b>노트북</b>,https://blog.naver.com/havehistory_snap/223669392868,"<b>노트북 리뷰</b>입니다. 기존에는 그램17을 사용했는데요, 이게 휴대성을 강조하 저전력 모델이라서, 배터리는 오래 가는데, 작업이 안될정도로 느려셔, 당근에 보내고, 고민 고민하닥, 게이밍용 노트북은... "
영상편집을 완벽하게 소화하는 2023 최고의 <b>노트북 리뷰</b>!,https://blog.naver.com/1stmust3/223655845069,"ASUS FX707VI-HX090: 게이밍과 영상편집을 완벽하게 소화하는 2023 최고의 <b>노트북 리뷰</b>! 안녕하세요, 여러분! 오늘은 2023년 최고의 게이밍과 영상편집 노트북 중 하나인 ASUS FX707VI-HX090 에 대해 심도 있게... "
남자 백팩 17인치 <b>노트북</b> 가방 <b>리뷰</b>,https://blog.naver.com/chinasuni/223306018567,출장용 캐리어 그리고 데일리로도 적합한 만능 백팩은 어떠세요?! 17인치 <b>노트북</b> 백팩 보러 가기 17인치 <b>노트북</b> 가방 이 글은 <b>리뷰</b> 노트를 통하여 본 업체에서 제품 또는 서비스를 제공받아 작성된 글입니다.
2024 LG그램 15: 최강의 휴대성과 성능을 겸비한 <b>노트북 리뷰</b>,https://blog.naver.com/bblttbbltt/223622795513,"깔끔한 화이트 디자인에 최신 Windows 11 운영체제까지, 이 모든 걸 경험할 수 있는 <b>노트북</b>을 찾으시는 분들께 강력하게 추천드립니다. 오늘도 '곱슬이마미♥'의 <b>리뷰</b>를 읽어주셔서 감사드리며, 다음에도... "
LG 엑스노트 P210 핑크 색 출시.[노트북 추천.<b>노트북 리뷰</b>],https://blog.naver.com/iambsh86/30103001660,"LG 노트북, LG엑스노트 P210 핑크 출시 [노트북 추천, <b>노트북 리뷰</b>] 한달 전에 엑스노트 P210을 구매한 1인입니다. BUZZ 카페와 엑스노트 카페 그리고 기타 등등의 말을 듣고 산 노트북 P210 현재 아주 잘 쓰고... "
"이마트 가성비 일렉트로맨 <b>노트북 리뷰</b>, 실사용 후기까지",https://blog.naver.com/12512512/221735988014,"일렉트로맨 <b>노트북 리뷰</b> 제품 구성품, 외관 구성품은 노트북 본체와 전원 케이블, AC 어댑터, 설명서로... 지금까지 일렉트로맨 노트북에 대한 간단한 리뷰였습니다. 정말 국민 가격이라는 말 그대로 적당한... "
MSI 크리에이터 M16 B13VF-i9 <b>노트북</b> 첫인상 <b>리뷰</b>,https://blog.naver.com/okok1326/223316289247,<b>노트북</b>으로 할 수 있는 일들이 점차 많아지고 있습니다. 간단한 작업부터 꽤 무거운 부하를... 추후 어느 정도 성능을 발휘할 수 있을지 다양한 환경에서 <b>리뷰</b> 보여드리도록 하겠습니다. i9-13900H... 
"LG 그램 16인치, 강력한 성능과 휴대성을 겸비한 <b>노트북 리뷰</b>!",https://blog.naver.com/techping/223636299491,"겸비한 <b>노트북 리뷰</b>! 안녕하세요, 여러분! 오늘은 많은 분들이 기다리고 있는 LG전자의 최신 제품, LG전자 그램 16인치 코어i7 인텔 13세대 RTX3050 32GB 1TB 윈도우11 (모델: 16Z90R-A.ADC8U1) 에 대해 자세히 리뷰해... "
디자인과 게이밍을 완벽하게 아우르는 16인치 <b>노트북 리뷰</b>,https://blog.naver.com/techping/223645912773,"16인치 <b>노트북 리뷰</b> 안녕하세요, 테크를 사랑하는 여러분! 오늘은 최신 기술로 무장한 삼성 갤럭시북4 울트라 16인치 노트북에 대해 깊이 있는 리뷰를 해보겠습니다. 이 노트북은 디자인, 성능, 게이밍 모두를... "
15: 14세대 인텔 코어와 AI로 무장한 최고의 <b>노트북 리뷰</b>!,https://blog.naver.com/91mwbolt/223633756565,"HP 자비스 15: 14세대 인텔 코어와 AI로 무장한 최고의 <b>노트북 리뷰</b>! 안녕하세요, 블로거 잠들랑말랑입니다! 오늘은 여러분들에게 HP의 최신 모델인 HP 2024 자비스 15 를 소개해드리려고 합니다. 이 노트북은... "
내돈내산 <b>리뷰</b> | <b>노트북</b> 거치대 추천 크리에이트 알루미늄 T3,https://blog.naver.com/seiru523/222852246369,내돈내산 <b>리뷰</b> | <b>노트북</b> 거치대 추천 크리에이트 알루미늄 T3 by. 새별 새별스러운 새별 블로그 https://blog.naver.com/seiru523 여러분 안녕하세요~? 새별입니다. 오늘은 제가 사용하는 <b>노트북</b> 거치대를 소개하려고... 
그래픽 디자인과 게이밍을 모두 잡는 완벽한 <b>노트북 리뷰</b>!,https://blog.naver.com/leesanghaesi2/223649398467,"삼성 갤럭시북4 울트라 16인치: 그래픽 디자인과 게이밍을 모두 잡는 완벽한 <b>노트북 리뷰</b>! 안녕하세요!... 자세히 리뷰해보려고 합니다. 그래픽 작업과 게이밍을 동시에 만족시켜주는 노트북으로, 디자인과... "
삼성 <b>노트북</b> &quot;NT300E5S-KD5A&quot; 개봉기 및 <b>리뷰</b>!,https://blog.naver.com/einssystem/221199282443,정말 오랜만에 삼성 <b>노트북 리뷰</b>로 돌아온 (주)아인스시스템입니다. 오늘 리뷰할 제품은 &quot;NT300E5S-KD5A&quot;라는 제품인데요. 삼성 노트북은 뭐 말 안 해도 일단 반은 무조건 먹고 들어가는 건 다 아는... 
가성비 끝판왕 에이서 아스파이어 ES1-331 <b>노트북 리뷰</b>,https://blog.naver.com/neces2/220491339112,가성비 끝판왕 에이서 아스파이어 ES1-331 <b>노트북 리뷰</b> 노트북을 구매하고자 할때 보급형하면... 이미 11인치 N3700 노트북을 리뷰한적이 있는데요. 같은 사양에 하드만 SSD로 바뀌었음으로 SSD로 업그래이드... 
2023 초경량 <b>노트북 리뷰</b>,https://blog.naver.com/hoset1943/223444932649,"2023 초경량 <b>노트북 리뷰</b> 이번에는 2023년 초경량 노트북에 대한 리뷰를 해보려고 한다. 이 노트북은 정말 대단하다고 말해야 할 것 같다. 그 이유는 무려 1kg 미만의 무게로 가볍고, 얇은 디자인으로 휴대성이... "
쿠팡 HP 빅터스 15 게이밍 <b>노트북 리뷰</b>,https://blog.naver.com/2b1n8li88/223655404816,### HP 빅터스 15 게이밍 <b>노트북 리뷰</b>: 당신의 게이밍 경험을 재정의하다 #### 서론: 게임의 새로운... 이번 리뷰에서는 이 노트북의 대표적인 특징과 성능을 심도 있게 살펴보겠습니다. #### 1. 강력한... 
ASUS 정품 리퍼 <b>노트북 리뷰</b> - 인텔 12세대와 WIN11 Pro의... ,https://blog.naver.com/1stmust3/223626582360,"<b>노트북 리뷰</b> - 인텔 12세대와 WIN11 Pro의 만남 안녕하세요, 블로거 'leesanghaesi3'입니다. 오늘은 ASUS 정품 리퍼 15인치 가성비 노트북, 특히 인텔 12세대 i3-1215U 프로세서와 WIN11 Pro의 조합에 대해 자세히 리뷰해... "
주연테크 2024 굿워크 D1: 가성비 최고의 코어i3 <b>노트북 리뷰</b>... ,https://blog.naver.com/91mwbolt/223630864140,"주연테크 2024 굿워크 D1: 가성비 최고의 코어i3 <b>노트북 리뷰</b>와 사용 후기 안녕하세요, 블로거 '잠들랑말랑'입니다! 오늘은 많은 분들이 관심을 가지고 있는 주연테크 2024 굿워크 D1 노트북에 대해 상세히 리뷰... "
16: 울트라7 RTX3050으로 만나는 최고의 생산성 <b>노트북 리뷰</b>,https://blog.naver.com/pjour/223646161918,"생산성 <b>노트북 리뷰</b> 안녕하세요, 블로거 pjour입니다! 오늘은 LG전자에서 새롭게 출시한 &quot;그램 Pro 16 코어 울트라7 RTX3050&quot; 모델에 대해 자세히 알아보려고 합니다. 이 노트북은 뛰어난 성능과 가벼운 무게를... "
HP 빅터스 15: 게이머를 위한 최강의 가성비 <b>노트북 리뷰</b>!,https://blog.naver.com/91mwbolt/223612995937,"가성비 <b>노트북 리뷰</b>! 안녕하세요, 여러분! '잠들랑말랑' 블로거입니다. 오늘은 여러분에게 뜨거운 관심을 받고 있는 노트북, 그러니까 게이머들에게 최적화된 HP 2024 빅터스 15에 대해 깊이 있는 리뷰를... "
2018 LG 그램 <b>노트북 리뷰</b> 1탄_ 개봉기,https://blog.naver.com/nam_geunho/221193968687,저는 파워 블로그도 아니고 상품 <b>리뷰</b>를 전문적으로 하는 블로거가 아니라 이런 <b>리뷰</b>는 처음 써보네요. 그리고 2018 LG 그램 <b>노트북</b>의 전문적인 정보와 지식이 필요하신 분들은 저의 포스팅보다 다른 전문... 
LG그램 리퍼 가성비 고사양 <b>노트북 리뷰</b> 내돈내산 구매사이트... ,https://blog.naver.com/you2002k/223568336359,"일 때문에 <b>노트북</b>이 필요해서 저렴한 <b>노트북</b>을 찾다보니, 점점 싸고 좋은 <b>노트북</b>을 알아보니 리퍼... 4월에 구입하였으니 지금 이것저것 설치해보고 사용한 <b>리뷰</b>를 시작해보겠습니다. 1. 성능 사양은 위와... "
[영화&amp;드라마] <b>노트북</b>_실화... 담긴 영화__줄거리/<b>리뷰</b>/후기,https://blog.naver.com/poposee99/223564458884,&lt;<b>노트북</b>&gt; <b>리뷰</b> END. P.S 앨리 엄마가 진심으로 사랑했던 남자에 대한 이야기를 하며 눈물을 보이는 부분이 있는데 기억에 많이 남았어요. 냉정하고 속물처럼만 보였던 엄마였건만... 그녀도 진심으로 사랑을 했던... 
젠북 플립s UX371 4K OLED 디스플레이 2in1 <b>노트북 리뷰</b>,https://blog.naver.com/ksw_a/222227039255,Asus ZenBook Flip S는 최신 Intel 칩이 탑재 된 강력한 프리미엄 2-in-1 <b>노트북</b>이지만 헤드폰 잭은 없습니다. 아수스 젠북 플립s는 성능 중심의 프리미엄 컨버터블 <b>노트북</b>입니다. 11세대 인텔칩 슬림한 빌드... 
"TG삼보 <b>노트북</b> 켄싱턴 락 케이블 도난방지 다이얼식, 1개 <b>리뷰</b>♥",https://blog.naver.com/0zrk9juv/223673911565,"TG삼보 <b>노트북</b> 켄싱턴 락 케이블 도난방지 다이얼식, 1개 <b>리뷰</b>♥ <b>노트북</b>잠금장치 ? 오늘은 이 제품 살펴볼게요! 안녕하세요! TG삼보 <b>노트북</b> 켄싱턴 락 케이블 도난방지 다이얼식을 사용해본 후기를 남깁니다. 이... "
고성능 LG 울트라 PC 엣지 16U70R 오피스 <b>노트북 리뷰</b>,https://blog.naver.com/heung213/223133851137,LG 울트라 PC 엣지 신제품 16U70R 오피스 <b>노트북</b>이 출시되었습니다! 따끈따끈한 신제품! 고급스러운... 저는 WQXGA 모델을 <b>리뷰</b>해보았습니다. 울트라 PC 엣지는 메탈 감성으로 완성된 엣지 슬림 디자인과... 
갤럭시북4NT750XGR-A51A <b>노트북리뷰</b>,https://blog.naver.com/yoojung0627/223471969915,대학생 직장인 사무용 <b>노트북</b>으로 충분해보인다! 그럼 다음 상품<b>리뷰</b>도 기대욤! #대학생<b>노트북</b> #재택근무<b>노트북</b> #직장인<b>노트북</b> #갤럭시북4 #갤럭시북4NT750XGR-A51A #NT750XGR-A51A
ASUS ProArt P16: 창의성을 위한 최강의 터치<b>노트북 리뷰</b>!,https://blog.naver.com/modusales_/223626968371,"ASUS ProArt P16: 창의성을 위한 최강의 터치<b>노트북 리뷰</b>! 안녕하세요, 여러분! 오늘은 창의적인 작업을 하는 모든 분들을 위한 뛰어난 선택지, ASUS ProArt P16 터치노트북에 대해 깊이 있게 살펴보려고... "
X560UD-BQ016 에이수스 15인치 <b>노트북 리뷰</b> (i7 GTX1050 FHD),https://blog.naver.com/vasurada0/221436103799,ASUS 비보북 X560UD-BQ016 에이수스 15인치 <b>노트북 리뷰</b> (i5 GTX1050 FHD) 노트북 시장에서 보통 주목받는... 본 리뷰를 통해 알아볼 노트북은 vivovook 라인업 중 15인치 노트북 신모델인 ASUS 비보북 X560UD입니다.... 
Big 이벤트: 성능과 스타일을 겸비한 고성능 <b>노트북 리뷰</b>,https://blog.naver.com/91mwbolt/223624543422,"삼성 갤럭시북4 Big 이벤트: 성능과 스타일을 겸비한 고성능 <b>노트북 리뷰</b> 안녕하세요, 블로거... 겸비한 노트북을 찾고 있다면 갤럭시북4를 추천합니다. 오늘의 리뷰가 여러분에게 도움이 되었길 바라며... "
일공템 720도 회전 <b>노트북</b> 받침대 <b>리뷰</b>뷰 [접이식 <b>노트북</b>... ,https://blog.naver.com/polar88/223437010274,실제 사용해보다 보니 <b>노트북</b> 거치대에 먼지가 좀 보이네요 상품만 받아 광고한게 아니고 실제 사용해 보고 솔직한 후기를 적은 <b>리뷰</b> 입니다. 삼성 <b>노트북</b> 거치대 / <b>노트북</b> 거치대 추천 / 그램 <b>노트북</b> 거치대... 
멀티태스킹을 완벽하게 지원하는 가성비 <b>노트북 리뷰</b>!,https://blog.naver.com/pjour/223636566423,"가성비 <b>노트북 리뷰</b>! 안녕하세요, 블로그 'pjour'의 주인입니다! 오늘은 게임과 멀티태스킹을 모두 만족시켜줄 놀라운 가성비 노트북, LG 울트라PC 15U560에 대해서 자세히 리뷰해보려고 합니다. 특히... "
UX3405MA-PP668W: 직장인을 위한 완벽한 윈도우11 <b>노트북 리뷰</b>,https://blog.naver.com/miyoung1355/223624494121,"직장인을 위한 최고의 선택, 아수스 UX3405MA-PP668W 윈도우11 <b>노트북 리뷰</b> 안녕하세요, 미영입니다! 오늘은 직장인을 위한 완벽한 노트북, 아수스 UX3405MA-PP668W를 깊이 있게 리뷰해보려고 합니다. 여러분의... "
[<b>노트북리뷰</b>] 삼성(SAMSUNG)노트북9 metal NT900X5L,https://blog.naver.com/cjswp4661/220676301454,&quot;삼성(SAMSUNG) <b>노트북</b>9 Metal NT900X5L 사용<b>리뷰</b>&quot; 안녕하세요. 핀님들에게 솔직한 <b>리뷰</b>를 한다고 자부하고 있는 빈스입니다. 오늘 제가 <b>리뷰</b>할 제품은요. 기존에 쓰던 <b>노트북</b>이 고장나는 바람에... 
HP 네로 노트북 15-fc0219AU... 가성비 최강 <b>노트북 리뷰</b>!,https://blog.naver.com/shoppingcat-/223635158760,"HP 네로 노트북 15-fc0219AU: 라이젠 5와 함께하는 가성비 최강 <b>노트북 리뷰</b>! 안녕하세요, '바람냥이... 이상으로 HP 네로 노트북 15-fc0219AU 리뷰를 마치겠습니다. 도움이 되셨다면 좋겠어요! 여러분의 소중한... "
최신 HP 자비스 AI <b>노트북 리뷰</b>: 14세대 인텔 Core Ultra5의... ,https://blog.naver.com/91mwbolt/223624575319,"최신 HP 자비스 AI <b>노트북 리뷰</b>: 14세대 인텔 Core Ultra5의 성능과 디자인 분석! 안녕하세요, 블로거... 여기까지 HP 자비스 AI 노트북에 대한 리뷰였습니다. 도움이 되셨길 바라며, 다음 포스팅에서도 유익한... "
고성능 <b>노트북 리뷰</b>,https://blog.naver.com/justakin/223490962351,"고성능 <b>노트북 리뷰</b> 지금까지 본 노트북 중에서 가장 놀라운 성능을 자랑하는 제품을 소개하려고 합니다. 이 노트북은 정말 대단한 성능을 자랑하고 있습니다. 그 어떤 작업에도 빠르게 대응하며, 멀티태스킹을... "
LG그램 완전 가벼운노트북 14Z950 <b>노트북리뷰</b>,https://blog.naver.com/lykbass/220266009794,그램<b>노트북 리뷰</b>입니다 캬~ 저도집에 사양좋은 노트북이 있긴 하지만 솔직히 휴대성은 조금 떨어지는데요.. 이건 뭐 예술입니다~ &lt;제품상세스팩 보고가실께요&gt; &lt;주관적인 LG그램 리뷰&gt; 심플한 상자안에... 
삼성<b>노트북</b> 아티브북4 NT450R5E-K58S <b>리뷰</b>,https://blog.naver.com/kkij9000/150179311063,삼성노트북 아티브북4 NT450R5E-K58S 오늘은 제가 사용하고 있는 삼성<b>노트북 리뷰</b>를 해보려고해요~~ 산지 조금 됬지만... ㅎㅎ 카메라를 새롭게 구매기념 해서 리뷰를 ㅋㅋ 그럼 삼성 <b>노트북 리뷰</b>를~~ 저는... 
[<b>노트북 리뷰</b>] 삼성전자 노트북 플러스 2 NT560XDA GTX1650Ti,https://blog.naver.com/laputa69/222345981700,"보다 자세한 성능 <b>리뷰</b>는 아래의 영상을 참고하시기 바랍니다. 삼성의 <b>노트북</b>을 여러 가지 비교하고 있는데, 플러스2만 보실 분들은 13분17초부터 보시면 됩니다. 내 돈 주고는 안 사요! 전반적으로... "
[올페의 <b>노트북 리뷰</b>] 애플 맥북프로 14인치 M1 Max 24코어,https://blog.naver.com/olivepage/222605254406,"기존에 사용하던 Dell XPS 13이 벌써 5년 차에 접어들기에, 보조 <b>노트북</b> 교체 타임이 온 것입니다.... 여러 고민 중 구매하게 되었고, 기념으로 <b>리뷰</b>를 작성합니다. 유튜브에 영상하시는 분들을 위한... "
에이수스 젠북 OLED 태블릿 <b>노트북 리뷰</b> Zenbook 14... ,https://blog.naver.com/metatronics/223077312146,<b>노트북</b> 라인업 중에서도 가장 강력하며 가성비가 좋은 모델이 바로 에이수스입니다.... 오늘 소개할 <b>노트북</b>은 바로 Zenbook 14 Flip OLED(UP3404VA) 입니다. 요즘 새학기 시작하면서 새로운 <b>노트북</b>... 
대학생 <b>노트북 리뷰</b>! LG 그램 2023 17Z90R-ED7VK 겜트북,https://blog.naver.com/whitepolarbear/223051993083,대학생 <b>노트북 리뷰</b> 왜 얇고 가벼운 노트북은 게임을 즐길 수 없을까요? 제조사 입장에서 너무 어려운 과제였을까요? 하지만 이런 어려운 일을 엘지가 답을 만들어냈습니다. 바로 LG 그램 2023 17Z90R-ED7VK... 
가벼움과 성능을 동시에! LG그램 14인치 <b>노트북 리뷰</b>,https://blog.naver.com/reviewgoods/223599334362,"LG그램 14인치 <b>노트북 리뷰</b> 안녕하세요, '리뷰굿즈'입니다! 오늘은 많은 분들이 기다리고 기다리던 LG그램 14인치 노트북, 모델명 14Z90S-GA56K에 대해 자세히 리뷰해보도록 하겠습니다. 이 노트북은 특히... "
15-FD1029TU <b>노트북 리뷰</b>: 사무용으로 딱 좋은 가성비 노트북,https://blog.naver.com/elaytermc69/223566018029,HP 15-FD1029TU <b>노트북 리뷰</b>: 사무용으로 딱 좋은 가성비 노트북 최근에 집에서 사용할 노트북을 찾던... 솔직한 리뷰를 나누고자 합니다. 디자인과 휴대성 HP 15-FD1029TU의 첫인상은 단연 세련된... 
갤럭시북3 360: 업무 효율성을 높이는 완벽한 2in1 <b>노트북 리뷰</b>!,https://blog.naver.com/91mwbolt/223624582920,"2in1 <b>노트북 리뷰</b>! 안녕하세요, 여러분! 오늘은 많은 이들에게 인기를 끌고 있는 삼성전자 갤럭시북3 360, 특히 15.6인치 모델에 대해 자세히 알아보는 시간을 가져보려고 합니다. 이 노트북은 특히 사무용과... "
맘이 끌리는 lg그램<b>노트북 리뷰</b>정보,https://gokuic.tistory.com/1148,★좋은기분 lg그램<b>노트북</b> 완전정보 후기보기 가지고싶은 lg그램<b>노트북</b> 정보에 대해 자세히 알아보는 시간을 가져볼께요 구입하기 쉽게 상품들을 비교하시고... 
갤럭시북4 프로 16인치 <b>노트북</b> 파우치 <b>리뷰</b>(스타벅스... ,https://blog.naver.com/meekgeek/223323175028,"<b>리뷰</b>입니다. (스타벅스 파우치는 무료증정, 키네이테이 파우치는 만원에 구입) 찾아보니 스타벅스 파우치는 후기가 좀 있는데, 키네이테이 파우치는 후기가 많진 않더라고요. 파우치 혜택을 받으려면 <b>노트북</b>... "
13 라이젠7: 완벽한 휴대성을 갖춘 초경량 <b>노트북 리뷰</b>!,https://blog.naver.com/91mwbolt/223624561771,"초경량 <b>노트북 리뷰</b>! 안녕하세요, 블로거 잠들랑말랑입니다! 오늘은 제가 최근에 사용해본 HP 2024 파빌리온 에어로 13 라이젠7 에 대한 리뷰를 여러분과 나누고자 해요. 이 노트북은 정말 놀라운 성능과... "
고사양 게이머와 영상편집자를 위한 완벽한 <b>노트북 리뷰</b>!,https://blog.naver.com/1stmust3/223639629734,"완벽한 <b>노트북 리뷰</b>! 안녕하세요! 오늘은 고사양 게이머와 프로 영상 편집자에게 최적화된 노트북... 그럼 오늘의 리뷰는 여기서 마치도록 하겠습니다. 여러분의 선택에 도움이 되었기를 바라며, MSI... "
삼성 <b>노트북</b> NT371B5J <b>리뷰</b>: 가성비 좋은 코어 i5의 매력!,https://blog.naver.com/91mwbolt/223600293336,"삼성 노트북 NT371B5J 리뷰: 가성비 좋은 코어 i5의 매력! 안녕하세요, 잠들랑말랑입니다! 오늘은 많은 분들이 관심을 가질 만한 <b>노트북 리뷰</b>를 준비해봤어요. 바로 삼성의 NT371B5J 모델입니다. 가성비 좋은... "
프로 360 - 업무 효율을 높여주는 최강의 2-in-1 <b>노트북 리뷰</b>!,https://blog.naver.com/ohsm2987/223635635060,"삼성 갤럭시북3 프로 360 - 업무 효율을 높여주는 최강의 2-in-1 <b>노트북 리뷰</b>! 안녕하세요, 트렌드마켓... 업무 효율을 높여줄 뿐만 아니라, 최신 기술이 탑재된 이 2-in-1 노트북은 모든 직장인과 학생들의... "
최강의 이동성과 성능! LG그램 17인치 터치 <b>노트북 리뷰</b>,https://blog.naver.com/lsgztk3326/223618210097,"이동성과 성능의 혁신, LG그램 17인치 터치 <b>노트북 리뷰</b> 안녕하세요, 네이버 블로그 '시험보는 외국인... 요즘같이 다양한 작업환경에서 유연성을 요구할 때, 노트북 선택은 곧 업무 효율을 담보하는 중요한... "
초경량 이동성을 경험하다: 코어 i5와 함께하는 <b>노트북 리뷰</b>,https://blog.naver.com/temis0930/223626984775,"함께하는 <b>노트북 리뷰</b> 안녕하세요, 수니하우스입니다! 오늘은 최근에 사용해본 [풀박스패키지] LG그램15 코어i5에 대해 자세히 리뷰해보려고 합니다. 요즘같이 바쁜 현대사회에서 노트북은 단순한 업무... "
HP Omnibook Ultra Flip <b>노트북 리뷰</b>! 개봉기부터... ,https://blog.naver.com/kimringo7/223649036019,"이번 포스팅에서는 HP에서 차세대 AI <b>노트북</b>으로 야심차게 출시한 HP Omnibook Ultra Flip <b>노트북</b>의 개봉기부터 디테일까지 보여드리고자 합니다. 그럼 시작합니다! 개봉기 자, 먼저 HP Omnibook Ultra... "
<b>노트북 리뷰</b> / 삼성 아티브북4,https://blog.naver.com/6sbaby/120209966485,만약 똥컴때문에 인터넷 검색 한번만 하려고 해도 답답해서 가슴을 치게 되는 분들이 있다면 얼른 <b>노트북</b>을 구입하시길 권한다. 이건 마치 삶의 질이 향상된 느낌이 들기 때문이다 ㅡ 삼성 아티브북4 <b>리뷰</b> 끝... 
최신 삼성 <b>노트북</b> 갤럭시북 4 NT750XGQ-A71A 4월 신제품 <b>리뷰</b>,https://blog.naver.com/chschw1/223399408179,지금부터 최신 삼성 노트북! 4월 1일 출시되는 신제품 갤럭시북4 NT750XGQ-A71A의 따끈따근한 리뷰를... 노트북신제품 #신제품노트북 #사무용노트북 #업무용노트북 #대학생노트북 #업그레이드 #<b>노트북리뷰</b>
아이디어패드 슬림 1 15AMN7: 가성비 최고 라이젠 <b>노트북 리뷰</b>!,https://blog.naver.com/91mwbolt/223613003078,"레노버 아이디어패드 슬림 1 15AMN7: 가성비 최고의 라이젠 <b>노트북 리뷰</b> 안녕하세요, 여러분!... 있게 리뷰해보려고 합니다. 이 노트북은 단돈 580,000원이라는 놀라운 가격에 여러분의 일상과 업무에 새로움을... "
3세대 인텔 셀러론 N5100 - 가성비 끝판왕 <b>노트북 리뷰</b>!,https://blog.naver.com/gmldnjs5654/223629220415,"2022 베이직스 베이직북14 3세대 인텔 셀러론 N5100 - 가성비 끝판왕 <b>노트북 리뷰</b>! 안녕하세요, 블로그... 이상으로 2022 베이직스 베이직북14 리뷰를 마칩니다. 여러분의 스마트한 노트북 선택에 도움이 되길... "
레노버 아이디어패드 슬림1 15AMN7 <b>노트북 리뷰</b>,https://blog.naver.com/choakk/223188251832,"오늘은 저렴한 가성비 <b>노트북</b>을 가져왔습니다. 대략 30만원 초반에 판매중인 레노버 <b>노트북</b>인데, 15인치 FHD IPS 액정에 나름 최신인 라이젠 7320u가 탑재되었죠. 출시가는 50만원대로 보이지만, 절대 그... "
기가바이트 P2542 <b>노트북 리뷰</b>,https://blog.naver.com/sonic1o5/189819952,"짱짱맨은 <b>노트북</b>을 찾다, 놀라운 이녀석을 발견하게 되었습니다. 약간의 지식(?) 이 있으므로 스펙에 관한 언급도 종종하며 역시나 디자인 중심으로 <b>리뷰</b>를 진행하겠습니다~~ 언제나 그래왔듯이 상자... "
프로 360: 업무 효율을 높여줄 완벽한 2in1 <b>노트북 리뷰</b>,https://blog.naver.com/sammi771/223625805589,"2in1 <b>노트북 리뷰</b> 안녕하세요, 블로그 '새소식'의 블로거입니다. 오늘은 최신 기술을 담은 삼성 갤럭시북3 프로 360에 대해 상세히 리뷰해보려 합니다. 이 노트북은 현대의 업무 환경이 요구하는 모든... "
삼성 노트북 플러스2: 대학생... 지원하는 15인치 <b>노트북 리뷰</b>,https://blog.naver.com/91mwbolt/223633737818,"15인치 <b>노트북 리뷰</b> 안녕하세요, 여러분! 블로그 '잠들랑말랑' 입니다. 오늘은 대학생들에게 필수아이템으로 떠오르고 있는 스펙터클한 노트북, 삼성 노트북 플러스2를 리뷰해보려고 합니다. 요즘 대학... "
"2023년 HP 15 <b>노트북 리뷰</b>: 가성비 최고의 코어i3, 실버... ",https://blog.naver.com/kaucatia/223635192294,"15 <b>노트북 리뷰</b>: 가성비 최고의 코어i3, 실버 디자인과 성능을 활용해보자! 안녕하세요, 블로그 '제도하는냥'입니다! 오늘은 최근에 출시된 HP 2023 노트북 15 코어i3(모델명: 15-fd0212TU) 에 대해 자세히 리뷰해... "
[책 <b>리뷰</b>]<b>노트북</b>:한 사람만을 위한 노인의 아름다운 사랑의 시,https://blog.naver.com/sok9551/223663730911,오늘은 실화배경으로 작성된 소설인 '<b>노트북</b>'을 소개합니다. 이 소설을 바탕으로 과거 영화로도... 모습을 보며 앨리를 얼마나 사랑하는지 느낄 수 있어 인상깊었습니다. 이상으로 <b>리뷰</b>를 마치겠습니다 감사합니다!
5757S2/7세대 카비레이크 한성<b>노트북 리뷰</b> 가성비 노트북!!,https://blog.naver.com/1ilsang/220919580260,보시면 구매하실 때 더 참고가 되실거라 생각합니다. 노트북도 삿겠다 즐거운 코딩 해야지!! 한성컴퓨터 노트북 U57 ForceRecon 5757S2/7세대 카비레이크 한성<b>노트북 리뷰</b> 가성비 노트북!! 그럼 20000~!!
귀여운 디자인의 '꽃 10종 <b>노트북</b> 리무버블 스티커' 새무니 <b>리뷰</b>,https://blog.naver.com/hkspmh1/223598659742,<b>노트북</b> 꾸미기 좋은 귀여운 디자인의 '꽃 10종 <b>노트북</b> 리무버블 스티커' <b>리뷰</b> 안녕하세요. 한국쇼핑몰협회입니다. 오늘은 <b>노트북</b> 꾸미기에 좋은 귀여운 디자인의 '꽃 10종 <b>노트북</b> 리무버블 스티커'를... 
플렉스2 NT950QDA-X71AZ 사양 기능 제품명 <b>리뷰</b> <b>노트북</b> 추천,https://blog.naver.com/karo/222300889555,오늘은 남편이 쓰는 리뷰입니다! 작년부터 노트북 사야지 사야지~ 하면서도 큰 금액이라 선뜻... 삼성노트북후기 #삼성<b>노트북리뷰</b> 갤럭시북 플렉스2 와 받은 사은품들 제품명 NT950QDA-X71AZ 제품명을 보면... 
"2024년 15인치 노트북 추천... LG그램, <b>노트북 리뷰</b>, 기술... ",https://blog.naver.com/crash2502/223655355549,"사용자 리뷰와 피드백 노트북을 구매하기 위해서는 실제 사용자들의 리뷰와 피드백을 참고하는... ``` 2024년 15인치 노트북 추천| LG그램 15ZD90S-GX76K의 모든 것 | LG그램, <b>노트북 리뷰</b>, 기술 사양 에 대해... "
슬림 3: 효율성과 디자인을 모두 갖춘 2023년 <b>노트북 리뷰</b>,https://blog.naver.com/riyom22/223609621830,"레노버 아이디어패드 슬림 3: 효율성과 디자인을 모두 갖춘 2023년 <b>노트북 리뷰</b> 안녕하세요, 여러분. 네이버 블로거 리욤입니다. 오늘 리뷰할 제품은 디자인과 성능을 겸비한 노트북, '레노버 2023... "
레노버 <b>노트북 리뷰</b>.  L340-15IRH 구매후기. 노트북 추천... ,https://blog.naver.com/hwan890725/221900941435,이상 <b>리뷰</b>였습니다 구동은 사실 모르겠으나 인터넷이나 유튜브를 해봤을때 아주 부드럽게 잘 돌아 갑니다 휴대성으로는 영 꽝이지만 아주 좋습니다 저도 지금 사용하는 <b>노트북</b>이 맛이 가면.. 레노버 <b>노트북</b>... 
"아우크웨이 16 <b>노트북 리뷰</b>: 성능과 디자인, 그리고 실용성을... ",https://blog.naver.com/lsgztk3326/223618213992,"아우크웨이 16 <b>노트북</b>은 여러분의 다양한 요구를 충족시킬 준비가 된 만능 <b>노트북</b>입니다. 성능, 디자인, 가격까지 삼박자가 완벽하게 맞아 떨어지는 이 제품을 강력히 추천해 드리며, 저의 <b>리뷰</b>가 여러분의... "
포터블 게이밍: HP Pavilion 16.1인치 게이밍 <b>노트북 리뷰</b>,https://blog.naver.com/gamsa14/223429057055,탑재하여 다양한 최신 게임을 무리 없이 즐길 수 있습니다. #HPPavilion #게이밍노트북 #고성능 #i7_10750H #NVIDIAGTX1650Ti #풀HD144Hz #<b>노트북리뷰</b> #게이밍기어 #기술사랑 #노트북추천
프로: 대학생을 위한 완벽한 영상편집 및 코딩 <b>노트북 리뷰</b>,https://blog.naver.com/91mwbolt/223624558206,"갤럭시북4 프로: 대학생을 위한 완벽한 영상편집 및 코딩 <b>노트북 리뷰</b> 안녕하세요! 블로그 '잠들랑말랑'의 여러분. 오늘은 대학생들에게 필수적인 노트북, 바로 삼성전자 갤럭시북4 프로에 대해 소개해... "
ASUS VivoBook15 <b>노트북</b> 솔직한 <b>리뷰</b>! 대학생 <b>노트북</b> 추천,https://blog.naver.com/jaehee1364/222141696708,에이수스 비보북(X513EA) ASUS VivoBook15 노트북 솔직한 리뷰! 대학생 노트북 추천 안녕하세요. 오늘은 대학생들 사이에서 많이 사용하는 에이수스 <b>노트북 리뷰</b>입니다. ASUS VivoBook 15 X513EA 제품의 성능과... 
HP 오멘 슬림 16: 게이머를 위한 최강의 슬림형 <b>노트북 리뷰</b>,https://blog.naver.com/leesanghaesi/223626595508,"슬림형 <b>노트북 리뷰</b> 안녕하세요, 블로그 'leesanghaesi'입니다. 오늘은 최근에 출시된 HP 2024 오멘 슬림 16 에 대해서 자세히 알아보려고 합니다. 게이머를 위해 설계된 이 슬림형 노트북은 뛰어난 성능과... "
NT550-I5: 한컴오피스와 함께하는 효율적인 <b>노트북 리뷰</b>,https://blog.naver.com/pjour/223646092090,재택근무와 학습에 최적화된 삼성 갤럭시북 NT550-I5: 한컴오피스와 함께하는 효율적인 <b>노트북 리뷰</b>... 이 노트북을 한 번 고려해 보시는 것도 좋을 것 같습니다! 이상으로 삼성 갤럭시북 NT550-I5의 리뷰를... 
오토캐드와 영상편집에 최적화된 15형 FHD <b>노트북 리뷰</b>,https://blog.naver.com/modunatsu/223624892861,"DELL 프리시전 M3591 Ultra 9 <b>노트북 리뷰</b> 안녕하세요, 블로그 'modunatsu'의 여러분! 오늘은 DELL의 전문적인... 결론 이번 리뷰를 통해 DELL 프리시전 M3591 Ultra 9 노트북의 다양한 장점과 성능에 대해... "
NT550XEZ-A58A: 고성능과 스타일을 겸비한 완벽한 <b>노트북 리뷰</b>,https://blog.naver.com/lsgztk3326/223618226861,"오늘은 많은 분들이 기다리셨을 삼성 <b>노트북</b> 갤럭시북2 NT550XEZ-A58A에 대해 <b>리뷰</b>해보도록 하겠습니다. 요즘 <b>노트북</b> 선택에 있어 중요한 건 단순히 성능 뿐만 아니라 디자인, 가성비 등 여러 요소가 중요하게... "
라이젠 7과 RTX 4060으로 무장한 가성비 게이밍 <b>노트북 리뷰</b>,https://blog.naver.com/owiki/223639505987,"게이밍 <b>노트북 리뷰</b> 안녕하세요, 블로그 친구들! 오늘은 요즘 뜨거운 인기를 얻고 있는 에이수스의 2023 TUF 게이밍 A15에 대해 자세히 살펴보려고 합니다. 이 노트북은 강력한 성능과 합리적인 가격으로... "
"삼성 4세대 <b>노트북 리뷰</b>: 가정과 업무, 게임까지 완벽... ",https://blog.naver.com/techping/223622589790,"삼성 4세대 <b>노트북 리뷰</b>: 가정과 업무, 게임까지 완벽 대응하는 i5 모델! 안녕하세요, 여러분! 오늘은 많은 분들이 기다려온 삼성 4세대 노트북에 대한 리뷰를 진행할까 합니다. 여러분이 가정에서, 업무에서... "
영화 <b>노트북</b> 줄거리부터 결말... 명대사까지 평점 및 <b>리뷰</b> 총정리,https://blog.naver.com/grandzen/223621906072,"영화 노트북 결말 영화 '노트북'은 많은 사람들의 마음을 울리며, 수많은 리뷰를 남겼습니다. 가장... 레이첼맥아담스 #감동결말 #영화노트북줄거리 #영화노트북결말 #영화노트북출연진 #영화<b>노트북리뷰</b>"
쿠팡 삼성전자 갤럭시북 15.6 재택근무 학습용 <b>노트북 리뷰</b>,https://blog.naver.com/iq8s6bzmm/223656009904,"&lt;제품 상세정보&gt; 재택근무와 학습에 최적화된 <b>노트북</b> 최근 재택근무와 온라인 학습의 필요성이 증가하면서, 이에 적합한 <b>노트북</b>의 선택이 중요해졌습니다. 삼성전자 갤럭시북 15.6 재택근무 학습용 <b>노트북</b>은... "
업무를 모두 만족시키는 가성비 끝판왕 <b>노트북 리뷰</b>!,https://blog.naver.com/7756lim/223650909035,"삼성 갤럭시북3 NT750XFT-A51AN: 게이밍과 업무를 모두 만족시키는 가성비 끝판왕 <b>노트북 리뷰</b>! 안녕하세요, 블로그를 찾아주신 여러분! 오늘은 제가 최근에 사용해본 노트북 중에서 정말 가성비가 뛰어난... "
LG 그램 2022 17인치 대화면 <b>노트북</b> 업무용 <b>리뷰</b>,https://blog.naver.com/j2ymoon/222744434249,"어떡하든 비용 지출을 아껴보겠다고 이전 제품을 선택했는데 이번 <b>리뷰</b>를 통해 후회만 커집니다. 2022 lg <b>노트북</b> 그램의 NVMe 4.0의 속도는 만족스러운 결과를 보여주고, 외장 VGA가 없는 모델임에도... "
SAMSUNG 삼성 <b>노트북</b> AA... NT-RF511 NT-R480 R428 <b>리뷰</b>♥,https://blog.naver.com/gxoj5upt/223677705926,SAMSUNG 삼성 <b>노트북</b> AA-PB9NC6B 호환용 배터리 NT-R530 NT-R540 NT-R580 NT-RF511 NT-R480 R428 <b>리뷰</b>♥ <b>노트북</b>배터리 ? 이런 제품 어떠세요? 소개해드릴게요! 안녕하세요! SAMSUNG 삼성 <b>노트북</b> AA-PB9NC6B 호환용 배터리 NT... 
investment story :: HP OMEN 16 SLIM 게이밍 <b>노트북 리뷰</b>,https://fantasticmoneymaker.tistory.com/258,오늘은 회사에서 새로 받은 <b>노트북 리뷰</b>를 해보려고 합니다. 정확한 모델명은 OMEN SLIM 16 게이밍노트북 U1031TX 입니다. 노트북 외형이구요. 한쪽에 C타입 포트 2개 반대쪽에 USB 포트 1개 뒤쪽에 USB 포트... 
LG 그램 16: 2024년 새로움과 성능을 모두 갖춘 <b>노트북 리뷰</b>!,https://blog.naver.com/pigrose88/223612498042,"갖춘 <b>노트북 리뷰</b>! 안녕하세요, 정보쟁이입니다! 오늘은 LG전자가 2024년에 새롭게 선보인 LG전자 2024 그램 16 에 대해 상세히 리뷰해보려고 합니다. 최신 기술이 집약된 이 노트북은 뛰어난 성능과 세련된... "
듀얼 모니터 사용 가능한 태블릿 <b>노트북</b> 거치대 DW STAND <b>리뷰</b>,https://blog.naver.com/vavaras/223557425452,포터블 모니터나 태블릿 PC를 <b>노트북</b>과 연결해 듀얼 디스플레이 환경을 구축한 분들께 추천할 만한 <b>노트북</b> 거치대를 구입해 <b>리뷰</b>를 남깁니다. <b>노트북</b>에 외부 모니터를 연결해 사용하다 보니 자꾸 고개가 많이... 
최신 <b>노트북 리뷰</b> 성능과 휴대성 평가,https://blog.naver.com/sicke67126/223536198582,"최신 <b>노트북 리뷰</b> 성능과 휴대성 평가 &quot;이번에는 최신 노트북의 휴대성과 성능에 대해 알아보겠습니다. 노트북은 이제 우리의 생활에서 필수품이 되었는데요. , 어떤 노트북을 선택해야 할지 고민이 되시나요?.... "
ASUS UX581 젠북 프로 듀오 듀얼스크린 <b>노트북 리뷰</b> 4K OLED... ,https://blog.naver.com/vasurada0/221655982021,ASUS UX581 젠북 프로 듀오 듀얼스크린 <b>노트북 리뷰</b> 4K OLED 터치패드 이번에 에이수스에서 그래픽... AV 노트북이기도 합니다. i9 CPU 모델은 8코어 16스레드 지원 리뷰용 제품에는 삼성 PM981 1TB SSD가... 
HP 오멘 15인치 게이밍<b>노트북 리뷰</b>2: 오버워치 배그 성능... ,https://blog.naver.com/vasurada0/221381509156,"참고로 <b>노트북</b>용 DDR4-2666 8GB RAM 가격은 본 <b>리뷰</b>를 작성하는 2018년 10월 시점 기준 9만원 정도입니다. 전문 렌더링 작업용으로는 업그레이드가 필수이나, 게임에서 약간의 성능 향상을 위해 추가... "
8G SSD256G Win10 가벼운 슬림한 <b>노트북</b> 980g <b>리뷰</b>♥,https://blog.naver.com/xqqco1tl/223674269419,LG 그램 14Z960 i5-6200 8G SSD256G Win10 가벼운 슬림한 <b>노트북</b> 980g <b>리뷰</b>♥ lg그램중고 ? 여러분을 위해 꼼꼼히 살펴봤어요! 안녕하세요! LG 그램 14Z960 i5-6200 모델을 사용해본 경험을 나누려고 합니다. 이... 
레노버 V15 ABP G4 R5: 2024년 최고의 가성비 <b>노트북 리뷰</b> 및... ,https://blog.naver.com/91mwbolt/223600295003,"가격 대 성능비를 고려한다면, 이 <b>노트북</b>은 2024년에 유독 많은 사랑을 받을 수밖에 없을 것입니다. 지금까지 잠들랑말랑이 전하는 레노버 V15 ABP G4 R5 <b>리뷰</b>였습니다. 여러분의 결정을 도와드리는 데... "
[VAIO SE26FK] 소니 바이오 IPS탑재 프리미엄 <b>노트북 리뷰</b>... ,https://blog.naver.com/multippp/90135867583,특히 저 같이 그래픽 디자인을 다루는 사람들에게는 아주 실용적이고 고급스러운 <b>노트북</b>이라 할 수 있겠는데요. 바로 VPC-SE26FK 입니다. 이번 <b>리뷰</b>에서 외형과 화면 위주로 간단히 알아보도록 하겠습니다.... 
i5로 가격 대비 성능 끝판왕! 삼성 NT551EBE 중고<b>노트북 리뷰</b>,https://blog.naver.com/huge_dream99/223603078017,"삼성 NT551EBE 중고<b>노트북 리뷰</b> 안녕하세요, 네이버 블로거 Huge_Dream입니다! 오늘은 요즘 가성비가 뛰어난 중고노트북을 찾는 분들께 꼭 추천하고 싶은, 삼성 NT551EBE 8세대 i5 모델에 대해 리뷰해보려... "
일상 속의 스마트한 동반자: HP 2024 자비스 AI <b>노트북 리뷰</b>... ,https://blog.naver.com/yudtennis/223608134794,"AI <b>노트북 리뷰</b> 및 활용 팁 안녕하세요, Y-tennis club의 블로그에 오신 것을 환영합니다. 오늘은 많은 사람들이 기대하고 있는 최신 노트북, HP 2024 자비스 AI 노트북에 대해 리뷰해보도록 하겠습니다. 이... "
미리보는 ASUS ROG 제피러스 GX531 게이밍 <b>노트북 리뷰</b>... ,https://blog.naver.com/bpiterpen/221481649031,이번에는 #에이수스 #ROG #제피러스 #GX531 #게이밍<b>노트북</b> 외관에 대해서 <b>리뷰</b>를 하겠습니다. (성능/게임테스트와 업그레이드/분해편 은 다음편에) 많이 이슈가 되고 있는 #지포스 #RTX 에 대해서 설명을... 
LG 14Z960 <b>노트북 리뷰</b>: 가벼움과 성능을 동시에!,https://blog.naver.com/dusrn112233/223586424471,"LG 14Z960 <b>노트북 리뷰</b>: 가벼움과 성능을 동시에! 안녕하세요, 블로그 '웰빙'입니다! 오늘은 많은 분들이 관심을 가지고 있는 LG의 14Z960 노트북에 대해 자세히 리뷰해보려고 합니다. 가벼운 노트북을 찾고... "
"JIN★, 삼성 <b>노트북</b> 아티브 북9 Lite 핑크 <b>리뷰</b> 특징",https://blog.naver.com/attractive-j/220446359847,저렴해진 노트북으로 알아보시는 분들은 이 제품 괜찮으실것 같아요~^^ 디자인도 포기 못하시는 분들이 사용하면 좋을 듯 합니다 ㅎㅎ 이상 오늘은 JIN냥이 <b>노트북 리뷰</b>/특징 포스팅 여기서 마무리할께요... 
영상편집을 완벽하게 소화하는 고성능 <b>노트북 리뷰</b>!,https://blog.naver.com/91mwbolt/223624532801,"고성능 <b>노트북 리뷰</b>! 안녕하세요, 블로그 &quot;잠들랑말랑&quot;에 오신 것을 환영합니다! 오늘은 최신 게이밍 노트북이자 영상 편집의 강자로 자리매김한 MSI 레이더 A18HX A7VIG-R9에 대해 깊이 있는 리뷰를... "
아수스 게이밍 <b>노트북</b> 추천 ASUS TUF A16 FA608 <b>리뷰</b>,https://blog.naver.com/joytoseon/223677283196,"ASUS TUF A16 FA608은 아수스의 최신 게이밍 <b>노트북</b>으로, 고성능 하드웨어와 견고한 디자인을... 다양한 사용자들이 ASUS TUF A16 FA608의 뛰어난 성능을 체험하고, 여러 <b>리뷰</b>를 통해 공유하고 있습니다.... "
Slim3 15IAU7: 성능과 디자인을 갖춘 가성비 <b>노트북 리뷰</b>,https://blog.naver.com/riyom22/223609633063,레노버 2024 IdeaPad Slim3 15IAU7: 성능과 디자인을 갖춘 가성비 <b>노트북 리뷰</b> 안녕하세요! 리욤입니다.... 노트북을 찾고 계신 모든 분들께 추천드립니다. 이상으로 레노버 2024 IdeaPad Slim3 15IAU7에 대한 리뷰를... 
사랑의 4계절 [ <b>노트북</b> ] - 재개봉 기념 <b>리뷰</b>,https://blog.naver.com/mlikmong/223592527626,"사랑의 4계절에 관한 영화 [ <b>노트북</b> ] <b>노트북</b> 감독 닉 카사베츠 출연 라이언 고슬링, 레이첼 맥아담스, 제나 로우랜즈, 제임스 가너, 조안 알렌, 제임스 마스던, 헤더 월쿼스트 개봉 2004.11.26. 영화는, 4... "
사무용 <b>노트북</b> 추천 레노버 요가 프로 7 사용 후기 및 <b>리뷰</b>,https://blog.naver.com/ksw_a/223675741198,"오늘은 사무용 <b>노트북</b>'이라는 주제로 레노버의 최신 <b>노트북</b> 모델인 레노버 요가 프로 7에 대한 깊이 있는 <b>리뷰</b>를 작성해 보려고 합니다. 주요 특징, 성능 테스트 결과, 디자인과 편의성, 실제 사용자 후기 등을... "
[<b>노트북리뷰</b>/노트북추천] LG XNOTE Z355-GH40K 울트라북... ,https://blog.naver.com/gasriq/90158011510,01 무-ICODA LG XNOTE Z355-GH40K 울트라북(i5/13형/윈도우8탑재) 브랜드 LG전자 <b>리뷰</b>보기 일주일 사용기... ▲ <b>노트북</b> 파우치가 들어있습니다. 상당히 슬림한 가방이 되겠네요 얇은 울트라북을 가지고 다니려면... 
프로 13: 성능과 휴대성을 겸비한 완벽한 윈도우 <b>노트북 리뷰</b>,https://blog.naver.com/1stmust3/223627568252,"윈도우 <b>노트북 리뷰</b> 안녕하세요, 여러분! 오늘은 마이크로소프트의 최신 제품인 2024 서피스 프로 13 에 대해 깊이 있게 살펴보려 합니다. 이 제품은 특히 성능과 휴대성을 모두 갖춘 노트북을 찾고 있는... "
2023 HP 빅터스 15 <b>노트북</b> 스펙 성능 <b>리뷰</b>,https://blog.naver.com/lifemasterguy/223249239595,오늘은 2023년에 출시된 HP 빅터스 15 <b>노트북 리뷰</b>를 준비하였습니다. 노트북 선택은 누구에게나 쉽지... 15 노트북에 대한 리뷰를 마무리하겠습니다. 이 노트북은 모든 사용자에게 맞춤형 스펙과 사양을... 
최근에 간 카페 <b>리뷰</b> ...(ft. <b>노트북</b> ),https://blog.naver.com/yunique25/223480406663,간단한 카페 <b>리뷰</b> 서울 &amp;인천 기준은 얼마나 커피가 맛있느냐 + 조용하느냐 + 공부하기 좋냐 #볼드핸즈 #서울 #용산 #카페 여긴... 수다떨러 간곳 근데 <b>노트북</b> 작업 하는 사람들도 있었다 커피 맛있음... 시원함... 
몽당비 영화 '<b>노트북</b>' <b>리뷰</b>,https://blog.naver.com/mongdangbi/110173227896,&lt;몽당비 영화 '<b>노트북</b>' <b>리뷰</b>&gt; 몽당비 영화리뷰!! 애절한 사랑을 그린 '노트북'에 대해 포스팅 하겠습니다. 아직 못보신 분들을 위해 간략적으로만 작성하겠습니다 ^^ 안 보신 분들은 걱정하지 마시고 보세용 ㅎㅎ... 
내셔널 지오그래픽 65W C타입 <b>노트북</b>충전기 여행용 충전기 <b>리뷰</b>,https://blog.naver.com/rkmun/223614721211,내셔널 지오그래픽 65W C타입 <b>노트북</b> 여행용 충전기 <b>리뷰</b> 질화갈륨 충전기 장점 C타입일반충전기와 달리 질화갈륨으로 제작된 65W고속충전기 인데요. 질화갈륨충전기 장점은 다음과 같습니다. 질화 갈륨... 
HP 2024 <b>노트북</b> 15 <b>리뷰</b> 라이젠 7430 fc0260AU,https://blog.naver.com/kayser2010/223667888181,이번 포스트에서는 사무용 <b>노트북</b>으로 사용하기에 충분한 성능과 윈도우 11 정품을 탑재했음에도 60만 원대에 구입할 수 있는 가성비 좋은 <b>노트북</b>을 소개해 드리려고 합니다. HP 2024 <b>노트북</b>(Laptop) 15... 
영상편집을 완벽하게 소화하는 초고사양 <b>노트북 리뷰</b>,https://blog.naver.com/1stmust3/223630209932,MSI 레이더 A18HX A7VIG-R9: 게이밍과 영상편집을 완벽하게 소화하는 초고사양 <b>노트북 리뷰</b> 안녕하세요! 오늘은 MSI 레이더 A18HX A7VIG-R9 노트북에 대해 깊이 있게 리뷰해보려고 합니다. 이 제품은 단순한... 
레노버 LOQ 15ARP9 가성비 게이밍 <b>노트북 리뷰</b>,https://blog.naver.com/holylight10022/223537772306,"이 제품이 왜 가성비 게이밍 <b>노트북</b>으로 주목받고 있는지, 그 매력을 낱낱이 파헤쳐 보겠습니다. 강력한 성능의 핵심, 프로세서와 그래픽카드 이 <b>노트북</b>의 심장은 AMD 라이젠 7 프로세서입니다. Zen3... "
ASUS ROG Strix SCAR 18 G834JYR-R6030W 게이밍 <b>노트북 리뷰</b>,https://blog.naver.com/susan7557/223611883300,"게임의 진수를 경험하다: ASUS ROG Strix SCAR 18 G834JYR-R6030W 게이밍 <b>노트북 리뷰</b> 안녕하세요, '마루공간... 이 노트북에 대해 궁금한 점이나 추가적인 리뷰를 원하신다면 댓글로 남겨주세요! 더 많은 정보와... "
노트북9 메탈: 일상과 업무에 최적화된 슬림 <b>노트북 리뷰</b>,https://blog.naver.com/wkmhbf5811/223641322775,"<b>노트북 리뷰</b> https://link.coupang.com/a/bYtfSy안녕하세요, 네이버 블로그 '4마리그마리야'입니다! 오늘은 삼성전자의 대표적인 슬림 노트북, '삼성전자 노트북9 메탈 NT901X5L i5 8G SSD256 Win10'에 대해 자세하게 리뷰해... "
한성컴퓨터 15인치 <b>노트북</b> | U55S ForceRecon 3757S <b>리뷰</b>... ,https://blog.naver.com/yuuttr/221681088863,총평 흘러간 쓰레기 Q_Score 35 유사 모델 추천 * 본 글은 쿠팡 파트너스와 함께합니다. (일정 수수료 제공받음) 비즈니스 문의 ********@*****.*** #한성 #u55s #<b>노트북</b> #<b>리뷰</b> #후기 #사용기 #ips #브로드웰 #5세대
가성비와 성능을 모두 갖춘 최고의 사무용 <b>노트북 리뷰</b>!,https://blog.naver.com/1stmust3/223615167592,"ASUS B9400CBA-KC0015: 가성비와 성능을 모두 갖춘 최고의 사무용 <b>노트북 리뷰</b>! 안녕하세요, 여러분! 오늘은 최근에 출시된 ASUS B9400CBA-KC0015 노트북에 대해 자세히 리뷰해보려고 합니다. 이 노트북은... "
SAMSUNG NT-371B5L 중고 <b>노트북</b> 판매 <b>리뷰</b>,https://blog.naver.com/kctlhs/223232635905,오늘은 중고 <b>노트북 리뷰</b>를 한번 해볼까 합니다. 당연히 목적은 판매이고 내용은 그에 맞게... 해당 노트북은 사용감이 있는 노트북이기에 있는 그대로의 리뷰를 하기 위해서 별도의 청소작업을 하지... 
"게이밍 노트북 주연테크... 12세대,QHD,165Hz <b>노트북 리뷰</b>... ",https://blog.naver.com/lhc6835/222835830997,"가성비 고사양 그래픽 작업용 게이밍 노트북 주연테크 리오나인 L9W37T(i7 12세대,QHD,165Hz <b>노트북 리뷰</b>... 17인치QHD노트북추천 #리오나인L9W37T제품리뷰 #L9W37T구입후기 #리오나인9시리즈 #주연테크노트북구입후기... "
[<b>노트북 리뷰</b>] 인민에어로 유명한 한성컴퓨터 U54G... ,https://blog.naver.com/forest4682/220138578179,이제 <b>리뷰</b> 시작!! 한성 <b>노트북</b> U54G ForceRecon 2867SH 개봉기 안전하게 에어쿠션으로 둘러싸서 포장되어 있고요. 그래서 별다른 흠짓 없이 도착했어요!! 정품인증!! 15인치의 대화면의 위엄이 느껴지네요.... 
최대할인 홈플래닛 와이드형 메탈 쿨링홀 <b>노트북</b> 거치대 <b>리뷰</b>,https://blog.naver.com/voyuj42cc/223677130060,"### 홈플래닛 와이드형 메탈 쿨링홀 <b>노트북</b> 거치대 <b>리뷰</b>: 완벽한 작업 환경을 위한 선택 현대 사회에서 <b>노트북</b>은 단순한 이동 수단을 넘어, 학습, 업무, 여가 활동 등의 필수 도구로 자리잡고 있습니다. 이러한... "
초경량의 혁신! 10세대 코어i5와 함께하는 최고의 <b>노트북 리뷰</b>,https://blog.naver.com/lsgztk3326/223618235478,"오늘은 <b>노트북</b> 매니아라면 한 번쯤은 들어봤을 LG그램 시리즈, 그 중에서도 [풀박스패키지] LG그램15에... 이 포스트가 여러분의 선택에 조금이라도 도움이 되었길 바라며, 더 많은 정보와 <b>리뷰</b>로... "
게임과 영상편집을 완벽하게 소화하는 윈11 <b>노트북 리뷰</b>,https://blog.naver.com/leesanghaesi/223630238627,"윈11 <b>노트북 리뷰</b> 안녕하세요, 블로그 독자 여러분! 오늘은 많은 분들이 기다려주신 새로운 고사양 노트북, MSI 레이더 A18HX A7VIG-R9 에 대해 자세히 리뷰해보려 합니다. 요즘처럼 게임과 영상편집이 대세인... "
HP 오멘 16: 게이밍 성능과 스타일을 모두 갖춘 <b>노트북 리뷰</b>!,https://blog.naver.com/1stmust3/223605563281,"HP 오멘 16: 게이밍 성능과 스타일을 모두 갖춘 <b>노트북 리뷰</b> 안녕하세요, 여러분! 오늘은 최근에 출시된 HP 2023 오멘 16 에 대한 리뷰를 작성해보려고 합니다. 게임을 사랑하는 저로서는 이 노트북이 어떤... "
"512GB, 8GB RAM | <b>노트북</b>, <b>리뷰</b>, 스펙, 구매 가이드",https://blog.naver.com/verbal10705/223640296381,"메일주소 ***********@*****.*** Lenovo X1 Carbon Gen4 (SX14Q006) 완벽 가이드: WQHD+4K, i7-6세대, 512GB, 8GB RAM | <b>노트북</b>, <b>리뷰</b>, 스펙, 구매 가이드 2016년 출시된 Lenovo X1 Carbon Gen4 (SX14Q006)는 뛰어난 휴대성과... "
프로 NT950XDX-G51A - 디자인 작업에 최적화된 <b>노트북 리뷰</b>,https://blog.naver.com/zruletrasha80/223565768632,삼성전자 갤럭시북 프로 NT950XDX-G51A - 디자인 작업에 최적화된 <b>노트북 리뷰</b> 요즘 들어 일상에서 느끼는 가장 큰 불편함 중 하나는 바로 기존 노트북의 느려진 속도였습니다. 디자인 작업과 영상 편집을 자주... 
최신 HP 2024 <b>노트북 리뷰</b>: Ryzen 7000과 함께하는 성능의... ,https://blog.naver.com/huge_dream99/223599459306,"최신 HP 2024 <b>노트북 리뷰</b>: Ryzen 7000과 함께하는 성능의 진수! 안녕하세요, 블로그 친구들! 오늘은 여러분에게 최신 HP 2024 노트북, 모델명 15-FC0260AU에 대해 깊이 있는 리뷰를 해보려 합니다. AMD Ryzen 7000... "
LG 울트라기어 17인치 게이밍 <b>노트북 리뷰</b>: i7 10세대와... ,https://blog.naver.com/temis930/223608875208,"LG 울트라기어 17인치 게이밍 <b>노트북 리뷰</b> 안녕하세요, '나니'입니다! 오늘은 많은 게이머들의 관심을 받을만한 제품을 소개해드리려고 합니다. 바로 LG 울트라기어 17인치 게이밍 노트북입니다. 이 제품은... "
Pro 16: 2024년 최강의 성능과 세련미를 갖춘 <b>노트북 리뷰</b>,https://blog.naver.com/gmldnjs5654/223624390785,"LG 그램 Pro 16: 2024년 최강의 성능과 세련미를 갖춘 <b>노트북 리뷰</b> 안녕하세요, 블로그 '알콩달콩'의 여러분! 오늘은 2024년 신제품 중에서 가장 주목받고 있는 노트북, LG전자 2024 그램 Pro 16 코어Ultra5 인텔... "
8000 시리즈와 RTX 4060으로 완성된 최강의 게임 <b>노트북 리뷰</b>,https://blog.naver.com/91mwbolt/223612988895,"HP 2024 빅터스 15 <b>리뷰</b>: 라이젠 8000과 RTX 4060의 환상 조합 안녕하세요, 여러분! '잠들랑말랑'입니다. 오늘은 게이밍 <b>노트북</b> 시장을 뜨겁게 달굴 제품, 바로 'HP 2024 빅터스 15 라이젠5 라이젠 8000 시리즈... "
갤럭시북4: 고성능과 스타일을 겸비한 완벽한 <b>노트북 리뷰</b>!,https://blog.naver.com/rlrlrlrl11/223626231128,"완벽한 <b>노트북 리뷰</b>! 안녕하세요, 블로그 친구들! 오늘은 삼성전자에서 새롭게 출시한 갤럭시북4에 대해 여러분과 함께 이야기해보려 합니다. 갤럭시북4는 단순히 고성능 노트북에 그치지 않고, 스타일리시한... "
G3: 업무 효율을 높여주는 최고의 비즈니스 <b>노트북 리뷰</b>,https://blog.naver.com/lsgztk3326/223618239336,"HP EliteBook 840 G3: 업무 효율을 높여주는 최고의 비즈니스 <b>노트북 리뷰</b> 안녕하세요, 여러분! '시험보는 외국인'입니다. 오늘은 많은 직장인분들께서 찾고 계실 최적의 비즈니스 노트북을 소개해 드리려... "
ASUS UX305F <b>노트북 리뷰</b>,https://blog.naver.com/datalead/220766683622,기존에 들고 다니던 <b>노트북</b>이 갑자기 문제를 일으켜서 AS 센터에 들고 갔습니다. ASUS F200MA라고 하는... 박스야 그렇다 치지만 USB 랜 포트와 파우치는 다른 사람이 올린 <b>리뷰</b>를 보고서야 알았습니다. 대신에... 
슬림3 15IAU7: 인텔 12세대의 매력을 완벽히 갖춘 <b>노트북 리뷰</b>,https://blog.naver.com/riyom22/223609625799,"이번 <b>리뷰</b>가 여러분의 <b>노트북</b> 선택에 도움이 되길 바라며, 궁금한 점이나 추가적인 정보가 필요하신 분들은 언제든지 댓글로 질문해 주세요. 감사합니다! 위의 링크를 눌러 제품을 확인하시고... "
레노버 아이디어패드 슬림5 프로 (14ARH7) <b>노트북 리뷰</b>... ,https://blog.naver.com/copy98/222948985720,"램브란트 14인치 <b>노트북</b> 슬림5 프로와 함께한지도 어느덧 2주가 지났습니다. 제가 인텔 대신 라이젠을... 그동안 올렸던 <b>리뷰</b>요약, 사용하면서 느낀점과 어떤 부분에 개선이 필요한지, 추천하고싶은지... "
[<b>노트북리뷰</b>]노트북추천... 15UD560-GF3FK 개봉기 및 상품리뷰,https://blog.naver.com/luv_virus_/220808071715,[<b>노트북리뷰</b>]노트북추천 LG노트북 15UD560-GF3FK 개봉기 및 상품리뷰 오늘은 제 아내의 <b>노트북 리뷰</b>를 해볼까 합니다 평소 업무도 볼겸해서 노트북을 고르고 있었는데 고사양은 아니더라도 웹서핑과 문서작성... 
델 DELL XPS 14인치 <b>노트북</b> OLED 디스플레이 간단 <b>리뷰</b>,https://blog.naver.com/lucky_box7/223521163469,잠깐 살펴본 델 DELL XPS 14인치 <b>노트북</b> OLED 디스플레이 간단 <b>리뷰</b>를 해봤습니다. 전시된 제품을 구경한 게 전부라서 디테일한 <b>리뷰</b>는 아니지만 오랜만에 새로운 XPS 제품을 봐서 재미는 있었네요. 추후... 
삼성 NT371B5L: 가정과 업무를 모두 소화하는 만능 <b>노트북 리뷰</b>,https://blog.naver.com/flower65_/223591996625,"삼성 NT371B5L: 가정과 업무를 모두 소화하는 만능 <b>노트북 리뷰</b> 안녕하세요, 블로그 가족 여러분! 오늘은 가정과 업무를 모두 소화할 수 있는 다재다능한 노트북 '삼성 NT371B5L'에 대해 자세히 리뷰해보려고... "
Pro 17: 최고의 성능과 휴대성을 갖춘 초경량 <b>노트북 리뷰</b>!,https://blog.naver.com/yogataeng/223635183401,"LG 그램 Pro 17: 최고의 성능과 휴대성을 갖춘 초경량 <b>노트북 리뷰</b>! 안녕하세요, 블로거 '요가하는병알'입니다! 오늘은 최신 LG전자 그램 Pro 17을 살펴보겠습니다. 이 노트북은 뛰어난 성능, 가벼운 무게... "
쿠팡 최대할인 삼성전자 삼성<b>노트북</b> NT200B5C <b>리뷰</b>,https://blog.naver.com/47bj1rm00/223670431643,"### 삼성전자 삼성<b>노트북</b> NT200B5C 상세 <b>리뷰</b> 삼성전자의 삼성<b>노트북</b> NT200B5C 모델은 다양한 사용자 요구를 충족시키기 위해 설계된 다목적 <b>노트북</b>입니다. 이 <b>리뷰</b>에서는 NT200B5C의 디자인, 성능, 저장 용량... "
TUF A16: 게이밍 성능과 가성비를 모두 갖춘 최강 <b>노트북 리뷰</b>!,https://blog.naver.com/leesanghaesi/223608436062,"에이수스 TUF A16: 게이밍 성능과 가성비를 모두 갖춘 최강 <b>노트북 리뷰</b>! 안녕하세요, 'leesanghaesi'입니다! 오늘은 최근에 주목받고 있는 에이수스 TUF A16에 대해 깊이 있게 리뷰해보겠습니다. 이 노트북은... "
Pro 16: 최고의 성능과 휴대성을 갖춘 울트라5 <b>노트북 리뷰</b>,https://blog.naver.com/gmldnjs5654/223624386960,"2024 LG 그램 Pro 16: 최고의 성능과 휴대성을 갖춘 울트라5 <b>노트북 리뷰</b> 안녕하세요, 블로거 알콩달콩입니다! 오늘은 여러분께 2024 LG전자 그램 Pro 16 에 대해 자세히 소개해드릴게요. 이 노트북은 뛰어난 성능과... "
웨일북 14 셀러론: 가성비와 독창성을 모두 갖춘 <b>노트북 리뷰</b>!,https://blog.naver.com/91mwbolt/223600298396,"LG전자 웨일북 14 셀러론: 가성비와 독창성을 모두 갖춘 <b>노트북 리뷰</b>! 안녕하세요, 블로그... 출시된 노트북, &quot;LG전자 2022 웨일북 14 셀러론, 화이트, 64GB, 4GB, Whale OS, 14TW30Q-EO14ML&quot; 에 대해 리뷰를 해볼까... "
[<b>노트북리뷰</b>] 한성컴퓨터... 1650 (다나와 표준노트북),https://blog.naver.com/kimcoco1/130155695617,그럼 재빈짱의 &quot; [<b>노트북리뷰</b>] 한성컴퓨터 U53x Forcerecon 1650 (다나와 표준노트북) &quot; 편을 시작하도록 하겠습니다. ^^ 제품은 G마켓에서 69만 9천원에 구입하였습니다.최저가가 69만원인데 보통 쇼핑몰... 
15 G5 IRL: 합리적인 가격에 뛰어난 성능을 가진 <b>노트북 리뷰</b>,https://blog.naver.com/yudtennis/223619474662,"가진 <b>노트북 리뷰</b> 안녕하세요! Y-tennis club입니다. 오늘은 많은 분들이 관심을 가지고 계시는 2023년형 레노버 씽크북 15 G5 IRL에 대해 상세하게 리뷰해보겠습니다. 이 노트북은 성능, 디자인, 가격 등 여러... "
성능과 비주얼의 조화: 레이저 블레이드 16 게이밍 <b>노트북 리뷰</b>,https://blog.naver.com/susan7557/223609442480,"게이밍 <b>노트북 리뷰</b> 안녕하세요, '마루공간'에 오신 것을 환영합니다! 오늘은 게이머와 하드웨어 애호가 모두가 주목할 만한, 강력한 성능과 세련미를 갖춘 레이저 블레이드 16 게이밍 노트북을 소개하려고... "
기가바이트 <b>노트북 리뷰</b> :: 판타소스 P15 V3,https://blog.naver.com/goodsun125/220528987874,<b>노트북</b> 알아보시는분들 많으실텐데 뭐 맥시리즈나 국내 대기업3사 아니면안산다! 하시는분들은... 기가바이트 <b>노트북</b>입니다. 생소하신분들이 대다수더라구요 그게 어디꺼냐며... 사실 우리가 많이 쓰는... 
"완벽한 조화, 최신 인텔 13세대와 함께하는 <b>노트북 리뷰</b>!",https://blog.naver.com/temis0930/223626987290,"오늘은 많은 기대를 모은 최신 모델, 'LG전자 2024 그램 16 코어i5 인텔 13세대'에 대해 깊이 있게 <b>리뷰</b>해보려고 합니다. 이 제품은 <b>노트북</b> 시장에서 가장 주목받고 있는 제품 중 하나로, 그 가벼움과 성능의... "
게이밍 노트북 아수스 ASUS ROG G501 <b>노트북 리뷰</b>,https://blog.naver.com/wjdgks852/220430420839,- 아수스 노트북 ASUS ROG G501 <b>노트북 리뷰</b>! - 안녕하세요. 다크게이머 루이엔입니다. 요즘은 노트북이... 전 그중에서 아수스 제품인 노트북에 대해 리뷰를 작성해볼려고 합니다. 원래 성능좋은 게이밍... 
PC 15UB470: 고성능과 스타일을 갖춘 완벽한 <b>노트북 리뷰</b>,https://blog.naver.com/leesanghaesi/223606644132,"완벽한 <b>노트북 리뷰</b> 안녕하세요, 블로그 친구들! 오늘은 많은 분들께서 관심을 가질 만한 노트북... 여러분의 선택이 도움이 되었기를 바라며, 더 좋은 제품들에 대한 리뷰로 다시 찾아오겠습니다. 항상... "
LG전자 LG그램 2023년형 16ZD90R-EX7VK <b>노트북 리뷰</b>,https://blog.naver.com/qfewbuddyj82/223530071559,LG전자 LG그램 2023년형 16ZD90R-EX7VK <b>노트북 리뷰</b> 꼼꼼하게 따져본 2023년형LG전자 LG그램 16ZD90R-EX7VK... 오늘은 제가 최근에 구매한 LG전자 LG그램 2023년형 16ZD90R-EX7VK 노트북에 대한 리뷰를 공유하려고... 
[내돈내산 제품<b>리뷰</b>] 삼성... 어디서나 <b>노트북</b> 사용을... ,https://blog.naver.com/wjdaltjsrhrh/223491843583,때마침 리뷰이벤트도 많이하고 저렴하게 파는 곳이 있어서 산다고 말 나오고 그 주말에 바로... #삼성노트북 #노트북 #노트북추천 #노트북후기 #<b>노트북리뷰</b> #노트북사용후기 #갤럭시북 #갤럭시북3고... 
듀얼 디스플레이 <b>노트북</b> 레노버 요가북 C930 <b>리뷰</b>4: 화질 분석,https://blog.naver.com/vasurada0/221532352786,듀얼 디스플레이 노트북 레노버 요가북 C930 리뷰 화질 레노버 요가북 C930 듀얼 디스플레이 <b>노트북 리뷰</b> 4부에서는 LCD 및 전자잉크 디스플레이의 화질 평가와 활용에 대해 다룹니다. 사양과 성능에 대해서는... 
2023년 최고의 삼성 <b>노트북</b> 모델은?,https://blog.naver.com/keiraso/223658377301,"이러한 요소들은 다양한 사용자층에게 매력적일 뿐만 아니라, 삼성 노트북의 가치를 한층 더 높여줍니다. #삼성노트북 #갤럭시북3 #노트북추천 #최신기술 #<b>노트북리뷰</b>"
업무와 학습을 위한 최적의 선택! 삼성 NT551EBE <b>노트북 리뷰</b>,https://blog.naver.com/hamidia/223613410000,"삼성 NT551EBE <b>노트북 리뷰</b> 안녕하세요, 포도하마입니다. 오늘은 여러분께서 가장 많이 궁금해하실 최적의 노트북, 삼성 NT551EBE에 대해 자세히 알아보려고 합니다. 가격대 성능비로 주목받고 있는 이 제품은... "
<b>노트북 리뷰</b> 델 2023 인스피론 16 플러스 7630... ,https://wusum.tistory.com/347,"QI9-00015(<b>노트북</b>), 8X6-00017(키보드) ✅가격 : 170만원대 ✅<b>리뷰</b> : 505개 할인가 확인 MSI 브라보 15 C7VFKP-R9, WIN11 Home, 64GB, 2TB, 라이젠9, 블랙 ✅가격 : 180만원대 ✅<b>리뷰</b> : 3개 할인가 확인 델... "
가벼운 고사양 <b>노트북</b> LG 그램 16T90SP-KA5HK <b>리뷰</b>,https://blog.naver.com/techwhat/223657514333,가벼운 고사양 <b>노트북</b> LG 그램 16T90SP-KA5HK <b>리뷰</b> <b>노트북</b> 시장은 항상 성능과 휴대성의 균형을 고민하는 소비자들의 요구를 반영해 진화하고 있다. LG의 16T90SP-KA5HK 모델은 이러한 요구를 충족시키는... 
"ASUS 젠북 프로 듀오 OLED <b>노트북</b> 15인치 <b>리뷰</b>, 언박싱 및... ",https://blog.naver.com/insunglab/223583470213,"지난번 <b>리뷰</b>했던 ASUS 젠북 듀오 14인치 <b>노트북</b>과 같은 시리즈지만, 프로 버전으로 조금 더 성능이 높은 모델이라고 생각하시면 될 것 같습니다. 지난 번 <b>리뷰</b>한 제품의 링크는 하단을 참고해... "
15인치 <b>노트북</b> 파우치 <b>리뷰</b> 역시 무직타이거,https://blog.naver.com/yellowwish/222818587878,"<b>노트북</b> 파우치 <b>리뷰</b> 무직타이거 15인치 글, 사진, 영상 - @찹쌀언니 안녕하세요. 리빙 인플루언서 찹쌀언니입니다. 저는 애플 생태계에 푹 들어가 있는 사람이라 아이폰, 아이맥, 맥북, 아이패드까지 다 연동해서... "
<b>노트북</b> 쿨러 IETS GT202 <b>리뷰</b>,https://blog.naver.com/kkn2988/223510930908,IETS GT700 IETS GT202 가격도 무난하고 여러 <b>리뷰</b>를 살펴 봤는데 성능도 무난한듯 하여 구매 하였습니다. 구성품 입니다. 하단 받침대가 양면테입방식과 흡착방식 두가지가 들어 있습니다. <b>노트북</b>... 
ASUS<b>노트북</b>모니터수리 방문자 <b>리뷰</b>를 보세요,https://blog.naver.com/ara2000a/223669242803,ASUS<b>노트북</b>모니터수리 전문점 <b>노트북</b>스크린 방문자 <b>리뷰</b> 보러 가기 ↓ <b>노트북</b>스크린 <b>노트북</b>액정수리 교체 전문점 - 네이버 지도 ASUS<b>노트북</b>모니터수리 시작할게요. <b>노트북</b>모니터를 교체해야겠죠. 먼저... 
레노버 V15 G4 IAN: 가성비 넘치는 인텔 12세대 <b>노트북 리뷰</b>,https://blog.naver.com/iwiki7474/223587720961,"레노버 V15 G4 IAN: 가성비 넘치는 인텔 12세대 <b>노트북 리뷰</b> 안녕하세요, 변화쟁이입니다! 오늘은 인텔 12세대 프로세서를 장착한 레노버 V15 G4 IAN에 대해 자세하게 리뷰해보려고 합니다. 최근 가성비 노트북... "
"노트북 추천 할인 정리, 게이밍 및 사무용 <b>노트북 리뷰</b> 모음",https://blog.naver.com/tlwmzp123/222745091246,원래 1년간 <b>노트북</b> 쭉 써보고 <b>리뷰</b>를 적어보려고 했는데 생각해보니 그쯤 되면 신형 프로세서와 그래픽이 나오는군요. 그러다보니 자연스레 구형 모델이 되어서 보통 관심이 없으실거 같기도 해서... 
HP 850G4 중고 <b>노트북 리뷰</b>: 가성비 최고의 선택! SSD와 8GB... ,https://blog.naver.com/91mwbolt/223600279899,"HP 850G4 중고 <b>노트북 리뷰</b>: SSD와 8GB RAM으로 마무리 안녕하세요, 잠들랑말랑 블로그의 여러분!... 중고 노트북 구매를 고려하고 계신 분들께 이 제품을 추천드립니다. 오늘 리뷰는 여기까지입니다.... "
[<b>노트북리뷰</b>]삼성노트북,https://blog.naver.com/jhapinkle/110157331844,그럼 <b>리뷰</b> 시작!~~ 원래 주눈건지 모르겠긔 어쨌든 아저씨가 챙겨준 ㅋㅋㅋㅋㅋㅋ <b>노트북</b> 가방 삼성꺼...치고는 디자인 꽤 괜찮음 사실 나는 고딩때나 중딩때 학교 선생들 <b>노트북</b>가방 인줄... 
15: 게이밍과 작업 능력을 모두 갖춘 2024 최고의 <b>노트북 리뷰</b>,https://blog.naver.com/leesanghaesi/223609585689,"최고의 <b>노트북 리뷰</b> 안녕하세요, 여러분! 블로그 운영자 'leesanghaesi'입니다. 오늘은 2024년의 최고의 노트북 중 하나인 HP 2024 빅터스 15에 대해 자세하게 리뷰해보려고 합니다. 게이밍과 업무 모두에... "
가성비 <b>노트북 리뷰</b> 및 램 및... 장착 방법 (노트북 분해 및 리뷰),https://blog.naver.com/schmitt2/222158634733,"제가 산 <b>노트북</b>은 lenovo v15-ADA이고 이거랑 비슷한 사양은 다나와에 나와있는 V15-JKR이네요 <b>노트북</b> 스펙은 (라이젠 3 3세대, 램 DDR4 2400 4기가, SSD 128기가, 윈도우 없음) [<b>리뷰</b>] 중고로 살가 하고 당근마켓을... "
가성비 노트북 HP 15s <b>노트북 리뷰</b>,https://blog.naver.com/juyoung_5/223551359603,"# HP <b>노트북</b> #가성비 <b>노트북</b> # 사무용 <b>노트북</b> # 저가형 <b>노트북</b> 안녕하세요, 여러분 ♥ 오늘은 가성비 <b>노트북</b>인 HP 15s <b>노트북</b>에 대해서 <b>리뷰</b>해 보도록 하겠습니다. 기본적인 스펙 정보 제조사(브랜드) HP... "
대한 모든 것: 15.6인치 코어 i3 <b>노트북 리뷰</b>와 활용 팁!,https://blog.naver.com/leesanghaesi/223622736090,"2024년 HP Always에 대한 모든 것: 15.6인치 코어 i3 <b>노트북 리뷰</b>와 활용 팁! 안녕하세요, 블로거 'leesanghaesi' 입니다! 오늘은 2024년 HP Always 노트북 15.6인치 모델에 대해 자세히 살펴보도록 하겠습니다. 요즘... "
[<b>노트북리뷰</b>] 삼성 아티브 북 9 ( NT900X4C-K78),https://blog.naver.com/hiyol/120208452165,※이 <b>리뷰</b>는 개인적인 견해가 많이 포함되어 있습니다. ※특정 브랜드를 고집하지 않습니다. 얼마 전 부터 사진작업&amp;업무용으로 사용할 <b>노트북</b>(I7&amp;SSD 탑제 <b>노트북</b>)을 찾던 중 삼성 아티브 북 9과 LG 그램으로... 
2018 LG 그램 <b>노트북 리뷰</b> 2탄_ 성능(MIL-STD 810G... ,https://blog.naver.com/nam_geunho/221198154569,오늘은 2018 LG 그램 <b>리뷰</b> 2탄 성능 편을 포스팅합니다. 1탄인 개봉기는 아래 링크를 확인하시면... 다음으로 LG DnA Center Plus를 설치해주면 <b>노트북</b>의 각 드라이버들이 설치되고 지문인식 기능을 사용할... 
2023 HP 오멘 <b>노트북 리뷰</b>: 라이젠 7과 RTX 4060으로 게임과... ,https://blog.naver.com/91mwbolt/223600278036,"2023 HP 오멘 <b>노트북 리뷰</b>: 라이젠 7과 RTX 4060으로 게임과 작업을 완벽하게! 안녕하세요, 네이버... 이 노트북과 함께라면 어떤 작업이든 부드럽고 세련되게 처리할 수 있을 것입니다. 그럼 오늘 리뷰는... "
PC 스냅드래곤X엘리트 ARM 품다 삼성 사무용 <b>노트북</b> 추천 <b>리뷰</b>,https://blog.naver.com/gamja321/223487181458,"IT <b>리뷰</b>는 감자해커 현재 <b>노트북</b> 업계에서 가장 핫한 갤럭시북4 엣지 <b>리뷰</b>를 네이버 블로그 최초로 써본다. 결론부터 말하자면, 성능이 미쳤다. 첫 세대임에도 호환성이 상당히 좋다. MS에서 칼을... "
영상 편집을 위한 선택! ASUS GA403UV-QS157 <b>노트북 리뷰</b>,https://blog.naver.com/1stmust3/223589901774,"오늘은 영상 편집을 사랑하는 여러분을 위해 정말 매력적인 노트북 하나를 소개하려고 합니다.... 여기까지 ASUS GA403UV-QS157 <b>노트북 리뷰</b>였습니다. 도움이 되셨기를 바라며, 다음 리뷰도 기대해... "
"갤럭시북2 프로SE, 사무용으로 완벽한 고해상도 <b>노트북 리뷰</b>!",https://blog.naver.com/1stmust3/223609637674,"삼성 갤럭시북2 프로SE, 사무용으로 완벽한 고해상도 <b>노트북 리뷰</b>! 안녕하세요, 블로그 지기 'leesanghaesi3'입니다! 오늘은 많은 분들이 사무용으로 고려할 만한 삼성의 최신 노트북, 삼성전자 윈도우11... "
"재개봉 영화 <b>노트북</b>  모든 걸... [정보, <b>리뷰</b>/ 후기, 평점, 특전... ",https://blog.naver.com/manduk0715/223618533187,영화 노트북 무비클립/ 예고편 영화 <b>노트북 리뷰</b>/ 후기 줄거리는 간단합니다 여름 휴가를 맞아 시골로 내려온 부잣집 아가씨 앨리(레이첼 맥아담스)와 시골 청년 노아(라이언 고슬링)의 아름다운 이야기 그 이후... 
오멘 16: 게이밍과 성능을 모두 잡은 2023 최고의 <b>노트북 리뷰</b>!,https://blog.naver.com/leesanghaesi2/223599749095,"HP 오멘 16: 게이밍과 성능을 모두 잡은 2023 최고의 <b>노트북 리뷰</b>! 안녕하세요, 블로거 'leesanghaesi2'입니다. 오늘은 2023년 최고의 게이밍 노트북 중 하나인 HP 오멘 16에 대해 자세히 리뷰해보려고 합니다.... "
씬스틸러 [AMD 3세대 라이젠5 4500U 르누아르] <b>노트북 리뷰</b>,https://blog.naver.com/ww31ni/221977448762,아무튼 이건 내가 산 <b>노트북</b>이 아니라 <b>리뷰</b>용으로 받은 제품이고 반납 예정이라는 점을 밝혀둔다. 언박싱 구성품은 <b>노트북</b> + 충전기 + 메뉴얼 주요 사항 요약 - AMD 라이젠5 3세대 CPU '르누아르' 4500U... 
쿠팡 반품 최상 노트북... HP 오멘 16 게이밍 <b>노트북 리뷰</b>,https://blog.naver.com/awesome_vape/223569693388,"오늘은 액상 소개글이 아닌 본가에서 사용하던 컴퓨터가 망가져 업무, 영상편집 용도로 데스크탑보단 <b>노트북</b>이 필요하다 느껴 <b>노트북</b>을 찾고있었어요 그러다가 발견한 쿠팡 반품제품인데 요새 쿠팡이 워낙... "
B13VGK-i9: 게이머와 크리에이터를 위한 최강 <b>노트북 리뷰</b>!,https://blog.naver.com/sayye_s/223599915298,"여러분이 지금 최고 성능의 <b>노트북</b>을 찾고 있다면, MSI Pulse 17 B13VGK-i9을 적극 추천드립니다! 여기까지 '세이예'가 전해드린 MSI Pulse 17 B13VGK-i9 <b>리뷰</b>였습니다. 궁금한 점이나 추가로 알고 싶은 부분이... "
레노버 2022 아이디어패드 슬림 3 17인치 대화면 <b>노트북 리뷰</b>,https://blog.naver.com/kyoungin90/223062047322,레노버 2022 아이디어패드 슬림 3 17ABA7 <b>리뷰</b> 50 ~ 60만원 대의 <b>노트북</b>을 검색하면 15인치 <b>노트북</b>이 많이 나왔다. 2022년 이전까지는 PD충전이 없는경우가 많아서 제외했고 디스플레이의 성능을... 
"브이북, 최강 성능과 디자인을 갖춘 인텔 셀러론 <b>노트북 리뷰</b>!",https://blog.naver.com/sayye_s/223600716771,"일상적인 사용에서부터 비즈니스, 학업용까지 다방면에서 활용할 수 있는 이 <b>노트북</b>을 강력 추천드립니다. 이상으로 상세한 <b>리뷰</b>를 마치겠습니다. 더 궁금한 점이 있으시면 댓글로 질문 남겨주세요. 더... "
7440 <b>노트북 리뷰</b> 및 구매... Windows 11 Pro 중고 노트북,https://blog.naver.com/vnktqrbdq441/223642897015,게다가 가격 대비 성능이 정말 뛰어난 제품이에요~ ※ 이 리뷰는 제가 직접 사용해보고 느낀... 중고 노트북 델 래티튜드 7440 <b>노트북 리뷰</b> 및 구매 가이드 DELL i71355U 16GB Windows 11 Pro 중고 노트북 델... 
LG전자 올뉴그램 14인치 <b>노트북</b> 14ZD980-GX76K <b>리뷰</b>,https://blog.naver.com/tnqls39/221308230441,노트북랜드21에 직접가서 수령. *렘4기가랑 ssd128기가 중 선택 제공이래서 걍 하나는 돈 주고 삼 59... sdd값 6마넌 가량 해서 159..^o^ 통장잔고 6만원..ㅋ 전재산 바친 <b>노트북 리뷰</b> 끝ㅋㅋㅋㅋ 그나저나... 
LG 울트라기어 17U70N 중고 게이밍 <b>노트북 리뷰</b> - 강력한... ,https://blog.naver.com/jjangeeii/223609796422,"LG 울트라기어 17U70N 중고 게이밍 <b>노트북 리뷰</b> - 강력한 성능과 넉넉한 저장공간 안녕하세요, 네이버 블로거 '짱이'입니다. 오늘은 게이머 분들을 위한 멋진 노트북, LG 울트라기어 17U70N 에 대해 리뷰해보려고... "
마음을 사로잡는 시크릿 쥬쥬 터치터치 시크릿 <b>노트북 리뷰</b>!,https://blog.naver.com/thunderbolt_544/223596357610,"시크릿 <b>노트북</b>, 놓치지 마세요! 여러분의 가정에 행복과 즐거움이 가득하길 바라며, 지금까지 '기호상품모아'였습니다! 다음에도 더 재미있고 유용한 <b>리뷰</b>로 찾아뵙겠습니다. 감사합니다! 위의 링크를 눌러... "
기가바이트 어로스 7 KB i7 <b>노트북 리뷰</b>,https://blog.naver.com/seero0604/222012904877,"5일 정도 알아봤고, 다나와나 상품평, 혹시나 해서 유투브에서도 영상 찾아봤으나 제가 구입한 가바이트 어로스 7 KB i7 <b>노트북</b>은 상품평도 부족하고 유투브에도 <b>리뷰</b> 영상이 없더군요. 저는 컴퓨터... "
삽입된 사진을 대량 게시하는 <b>노트북 리뷰</b> 사례 (2014.2.12),https://hummingbird.tistory.com/5219,국내 노트북 전문 웹진으로 유명한 노트○○ 사이트의 <b>노트북 리뷰</b> 게시판을 이용하던 중... Trend Micro Titanium Maximum Security 2014 제품을 통해 확인을 해보면 특정 리뷰 게시글을 오픈하는... 
작업 효율성을 모두 잡은 12세대 코어 i5 <b>노트북 리뷰</b>,https://blog.naver.com/lovebeesong/223619510274,"MSI 2024 씬 15: 게이밍과 작업 효율성을 모두 잡은 12세대 코어 i5 <b>노트북 리뷰</b> 안녕하세요, 여러분! 오늘은 MSI의 최신 게이밍 노트북, MSI 2024 씬 15 코어i5 인텔 12세대 지포스 RTX 2050 에 대해 소개해드리려고... "
삼성 NT371B5L: 가정과 업무를 완벽히 소화하는 i5 <b>노트북 리뷰</b>,https://blog.naver.com/leesanghaesi/223577322622,"삼성 NT371B5L: 가정과 업무를 완벽히 소화하는 i5 <b>노트북 리뷰</b> 안녕하세요, 블로그 ‘leesanghaesi’의 여러분! 오늘은 최근 출시된 삼성 NT371B5L 노트북에 대해 자세히 리뷰해보려 합니다. 이 제품은... "
삼성전자 <b>노트북</b> 플러스 2... 펜티엄 #256GB #WINI Pro <b>리뷰</b>,https://blog.naver.com/jooeun123123/223313056659,"바로 #삼성전자 노트북 플러스 2 ,오늘제가 리뷰할 모델입니다. 저는 사실 노트북으로 고사양 게임을... 삼성전자 <b>노트북 리뷰</b>였습니다. 쿠팡에서 55만 원 정도에 구입하였고 마우스는 기본으로 오는 게 있는데... "
Gen 7: 2024 최고의 워크스테이션 <b>노트북 리뷰</b> 및 성능 분석,https://blog.naver.com/leesanghaesi/223608437852,"워크스테이션 <b>노트북 리뷰</b> 및 성능 분석 안녕하세요, 블로그 친구들! 오늘은 2024년 최고의 워크스테이션 노트북 중 하나인 Lenovo 씽크패드 P1 Gen 7 을 깊이 있게 분석하고 리뷰해 보려고 합니다. 이 모델은... "
&quot;삼성&quot; NT900X5T-K58A 프리미엄 삼성 <b>노트북 리뷰</b>!,https://blog.naver.com/einssystem/221303515976,오랜만에 삼성 <b>노트북 리뷰</b>로 찾아뵙게 되었는데요:) 오늘 소개해드릴 제품은 그 동안 가성비를 위주로한 삼성 노트북이 아닌 정말 최고급 사양으로 똘똘 뭉친 삼성 노트북으로 찾아왔습니다.... 
"LG 그램 14, 가벼움과 성능을 동시에 갖춘 최고의 <b>노트북 리뷰</b>!",https://blog.naver.com/riyom22/223570572893,"LG 그램 14, 가벼움과 성능을 동시에 갖춘 최고의 <b>노트북 리뷰</b>! 안녕하세요, 리욤 블로그에 오신... 많은 분들이 궁극의 경량 노트북을 찾고 계신데, 오늘 리뷰를 통해 여러분의 고민을 한 번에... "
태블릿  <b>노트북 리뷰</b>  Intel 12세대 멀티태스킹... ,https://blog.naver.com/aazxvgg207/223641765205,"태블릿 <b>노트북 리뷰</b>: Intel 12세대 멀티태스킹 유용한 팁 현대 사회에서 기술의 발전은 우리 생활을 아주 편리하게 만들어 주었습니다. 특히, 태블릿과 노트북이 결합된 경량 2in1 기기의... "
14IML G7: 직장인을 위한 최적의 3K 사무용 <b>노트북 리뷰</b>,https://blog.naver.com/reviewgoods/223591083629,"레노버 Thinkbook 14IML G7: 직장인을 위한 최적의 3K 사무용 <b>노트북 리뷰</b> 안녕하세요, 리뷰굿즈입니다! 오늘은 직장인들을 위해 최적화된 노트북, 레노버 Thinkbook 14IML G7 ULT7 3K 모델을 소개해 드리려고 합니다.... "
Pro로 완벽하게 변신한 고사양 사무용 <b>노트북 리뷰</b>,https://blog.naver.com/leesanghaesi2/223609614887,"사무용 <b>노트북 리뷰</b> 안녕하세요, 여러분! 오늘은 고사양 사무용 노트북 중에서 특히 주목받고 있는... 오늘 리뷰가 여러분께 도움이 되었길 바라며, 다음 포스팅에서 또 만나요! 위의 링크를 눌러 제품을... "
삼성 갤럭시북 프로2 360 i7 15인치 가벼운 <b>노트북 리뷰</b>,https://blog.naver.com/kkhkkh745/222959554114,제가 드디어 갤럭시북 프로2 360 i7 15인치 가벼운 <b>노트북</b>으로 바꾸게 됐어요! 기존에 있던 건 크고... 실물을 보러 갔다가 삼성 갤럭시북 바로 겟 했는데 왜 그렇게 빠른 선택을 하게 된 건지 여러분도 제 <b>리뷰</b>를... 
15 사무용 <b>노트북 리뷰</b>  DELL 모니터 노트북 후기,https://blog.naver.com/dfbhdfh23540/223647474682,DELL P2425H 모니터 UltraSharp UP3017 인스피론 15 사무용 <b>노트북 리뷰</b> DELL 모니터 노트북 후기 오늘... 게다가 가격 대비 성능이 정말 뛰어난 제품이에요~ ※ 이 리뷰는 제가 직접 사용해보고 느낀 솔직한... 
"삼성 갤럭시 북4, 비즈니스와 학업에 최적인 AI <b>노트북 리뷰</b>!",https://blog.naver.com/onbrocompany/223582857905,"삼성 갤럭시 북4: 비즈니스와 학업에 최적인 AI <b>노트북 리뷰</b> 안녕하세요, 여러분! 블로거 '써머리... 자세히 리뷰해보려고 합니다. 이 제품은 비즈니스와 학업에 적합한 AI 노트북으로 많은 사람들의 관심을... "
델 <b>노트북</b> 모니터 수리 방문자 <b>리뷰</b>를 보세요,https://blog.naver.com/ara2000a/223668443274,<b>노트북</b>스크린 방문자 <b>리뷰</b> 보러 가기 ↓ <b>노트북</b>스크린 <b>노트북</b>액정수리 교체 전문점 - 네이버 지도 델 <b>노트북</b> 모니터 수리 시작할게요. <b>노트북</b> 모니터 수리의 기본은 배터리 빼기이죠. 배터리를 노출시키기... 
[<b>리뷰</b>] 갤럭시북 <b>노트북</b> 구매 <b>리뷰</b> 사은품 (댕댕이파우치... ,https://blog.naver.com/h2o80/223583697205,제이대디 입니다!^^ 오늘 소개할 내용은 <b>노트북</b> 구매 이후 <b>리뷰</b> 작성으로 받은 사은품! <b>노트북</b> 파우치 랑 한컴오피스 2024 입니다!ㅎ 갤럭시북4 <b>노트북</b> 구입 후 별도 포토<b>리뷰</b>를 신청하여 받았습니다.... 
레노버 V15 Gen4 ABP: 가성비 최고의 라이젠 <b>노트북 리뷰</b>와... ,https://blog.naver.com/huge_dream99/223606176317,"레노버 V15 Gen4 ABP: 최고의 가성비 라이젠 <b>노트북 리뷰</b> 안녕하세요, 네이버 블로거 Huge_Dream입니다! 오늘은 여러분께 가성비 최고로 손꼽히는 노트북, '레노버 2024 V15 Gen4 ABP 15.6 라이젠 5 5000 시리즈'를... "
"노트북,삼성센스 x460  마리안 노트북을 말하다.<b>노트북리뷰</b>",https://blog.naver.com/2140799/58466651,^^* 프리미엄 노트북 센스 x460 정말 끝내줍니다.^^* 삼성센스 <b>노트북 리뷰</b>... ^^* 즐거운 마리안... 오늘은 따끈하게 도착해서~~~~~~ 행복 리뷰구요. 노트북센트 x460리뷰를 앞으로 기대해주세요... 
굿노트 속지 그린 디지털 <b>노트북 리뷰</b> | 손뇨디지털허브... ,https://blog.naver.com/jinarchiv/223600984433,"저는 대학교 다니면서 <b>노트북</b> 대신 테블릿을 들고 다니면서 공부하고, 필기를 해서 그런지 익숙하게... 디지털 <b>노트북</b>!! 소개해보겠습니다~~ 그린 디지털 <b>노트북</b> ver.2 (세로형)은 PDF(플래너), PNG(스티커) 파일... "
LG 그램 프로360 노트북... LG전자 <b>노트북 리뷰</b> 투자 가치,https://blog.naver.com/ongcdxtxu115/223644077495,게다가 가격 대비 성능이 정말 뛰어난 제품이에요~ ※ 이 리뷰는 제가 직접 사용해보고 느낀... LG전자 <b>노트북 리뷰</b> 투자 가치 LG 그램 프로360 노트북 추천 16T90SPKD7BK 완벽 분석 가이드 LG전자 노트북... 
"인텔 9세대 I7, GTX1650 탑재 고성능 <b>노트북 리뷰</b>",https://blog.naver.com/iris2733/221742661799,"동영상 편집 및 인코딩, 3D 렌더링, 포토샵, 게임 다방면에서 높은 성능을 나타내는 고성능 <b>노트북</b> '본 <b>리뷰</b>는 (지디스)와 다나와 체험단 행사를 통해 작성하였습니다' http://prod.danawa.com/info... "
그램 <b>노트북 리뷰</b> 및 추천... WIN11 Home 노트북 구매 가이드,https://blog.naver.com/x37154/223645916157,"대박할인 찬스 2024 LG 그램 <b>노트북 리뷰</b> 및 추천 모델 안내 LG전자 울트라5 WIN11 Home 노트북 구매... 오늘은 LG전자의 최신 모델, 울트라5 WIN11 Home 노트북에 대한 상세 리뷰와 함께 추천 모델을 안내해... "
"가성비 <b>노트북</b> 추천, HP 15-db1000AU <b>리뷰</b>",https://blog.naver.com/alth2214/221508889840,"메인 여태까지 여러브랜드의 노트북을 골고루 사용하고, 리뷰 해왔는데 HP의 노트북은 처음이라... 스피커 제 <b>노트북 리뷰</b>에 항상 등장하는 드림노트의 노래입니다. 하쿠나마타타, 너무 흥겹네요.. 아무튼... "
U2 <b>노트북 리뷰</b>  AI 사무용 노트북 WIN11 Pro 성능 비교... ,https://blog.naver.com/y8owfo8g/223647404001,"게다가 가격 대비 성능이 정말 뛰어난 제품이에요~ ※ 이 리뷰는 제가 직접 사용해보고 느낀... U2 <b>노트북 리뷰</b> 노트북의 필수 덕목들은 무엇일까요? 뛰어난 성능, 효율적인 디자인, 그리고 다양한... "
영화 <b>노트북 리뷰</b>,https://blog.naver.com/newsmin_/223635776162,영화 <b>노트북</b>은 2004년 작품이다. 학창시절 이 영화를 보며 너무 슬픈 감정이 들어 눈물을 흘리며 봤던... 그런데 아뿔사...30대가 되어서 보는 영화 <b>노트북</b>의 감상평은 완전히 달랐다. 이거....불륜 미화 영화 아니야?... 
삼성노트북7 NT730XBV-A58A 가벼운 13인치 사무용<b>노트북 리뷰</b>,https://blog.naver.com/soary81/221659511711,오늘은 그 중에서도 디자인과 퍼포먼스 모두 훌륭했던 삼성<b>노트북</b>7 NT730XBV-A58A의 특징에 대해 <b>리뷰</b>해보려고 합니다. 삼성<b>노트북</b>7은 견고하고 강한 내구성을 가지고 있는 알루미늄 메탈 소재를 활용한... 
고성능 <b>노트북 리뷰</b> 및 추천  MSI RTX 4060 노트북 성능,https://blog.naver.com/bcvbcx938/223642480469,"대한 리뷰를 마칩니다. 여러분의 고성능 노트북 선택에 도움이 되길 바라며, 앞으로 더 유익한 정보로 찾아뵙겠습니다! MSI 스텔스 14 16 AI Studio 가이드 2024년형 고성능 <b>노트북 리뷰</b> 및 추천 MSI RTX 4060... "
SSD <b>노트북 리뷰</b> 및 구매 가이드  HP 노트북 고성능... ,https://blog.naver.com/kjnshonoa/223642448848,HP ZBOOK FIREFLY 14 G10 Intel i71355U 32GB RAM 1TB SSD <b>노트북 리뷰</b> 및 구매 가이드 HP 노트북 고성능... 게다가 가격 대비 성능이 정말 뛰어난 제품이에요~ ※ 이 리뷰는 제가 직접 사용해보고 느낀 솔직한... 
혁신적인 <b>노트북 리뷰</b> 차세대 기술을 경험하다,https://blog.naver.com/goder1963/223508905283,"혁신적인 <b>노트북 리뷰</b> 차세대 기술을 경험하다 안녕하세요. ! 오늘은 혁신적인 노트북을 소개해드릴게요. 이 노트북은 차세대 기술을 담아냈으며, 그 어느 노트북보다도 뛰어난 성능과 기능을 자랑합니다. 이... "
<b>노트북 리뷰</b> | LG Gram 엘지... i7 15ZD980-GX7BK 노트북 개봉기,https://blog.naver.com/wleeson/221198895315,<b>노트북 리뷰</b> | LG Gram 엘지 올 뉴 그램 2018년형 15인치 인텔 8세대 i7 15ZD980-GX7BK 노트북 개봉기 제대로 된 노트북을 사본지가 어느 덧 10년이 다 되어 가네요. 예전 바이오 노트북을 사고 2010년대 스마트 폰이 나온... 
141205. <b>노트북</b> / <b>리뷰</b>,https://blog.naver.com/kwen1030/220226048683,"안녕하십니까 두근두근 세동동 싸동킴입니다 이번 포스팅은 <b>노트북 리뷰</b>입니다 노트북 감독 닉 카사베츠 출연 라이언 고슬링, 레이첼 맥아담스 개봉 2004 미국 리뷰보기 벌써 10년전 영화네요 개인적으로 멜로를... "
작업용 <b>노트북</b> ASUS 비보북 프로 14X Vivobook PRO OLED <b>리뷰</b>,https://blog.naver.com/wjdrk1225/222550250682,다른 <b>노트북 리뷰</b>를 작성하게 되었습니다.. G14 성능 리뷰가 부족한 부분이 있는데 예상치 못한... G14 글 마지막에 있었던 내용이 조금 더 무거운 15.6인치나 조금 더 가벼운 14인치 노트북에... 
아수스 <b>노트북</b> 젠북 14 내돈내산 <b>리뷰</b>,https://blog.naver.com/alchemist_0/222316032472,오늘은 아수스 <b>노트북</b> 내돈내산 <b>리뷰</b>를 남겨본다. 벌써 사용한 지도 두 달 정도 되었을까? 목적은 업무용이다. 워드 작업이 대부분이라 작업용으로는 너무 과한 사양이지만 종종 엎드려 게임하려고 샀다.... 
ASUS X553MA-XX433D <b>리뷰</b> 및 <b>노트북</b> SSD 교체 방법,https://blog.naver.com/wellmpc/220354485757,베이트레일 프로세서를 사용하는 ASUS의 X553MA-XX433D <b>노트북 리뷰</b>입니다. 리뷰에 앞서 먼저... 여느 노트북과 다르지 않죠.ㅎㅎㅎㅎ 흰색이라 때가 좀 탈것같은 느낌이 줄줄.. 흰색 몸체에 ASUS... 
OLED: 게임과 업무를 완벽하게 소화하는 초고성능 <b>노트북 리뷰</b>!,https://blog.naver.com/leesanghaesi2/223608456582,"아수스 젠북 S 16 OLED: 게임과 업무를 완벽하게 소화하는 초고성능 <b>노트북 리뷰</b>! 안녕하세요, 블로그 독자 여러분! 오늘은 초고성능 노트북, 아수스 젠북 S 16 OLED 에 대해 심층적으로 리뷰해 보려 합니다.... "
"영화 <b>노트북 리뷰</b> (정보, 줄거리, 결말, 관람평, 명대사)",https://blog.naver.com/stella_s22/223612490323,"영화 <b>노트북</b> 정보 개봉 2004. 11. 26 재개봉 2024. 10. 09 등급 15세 이상 관람가 장르 멜로/로맨스, 드라마 국가 미국 러닝타임 123분 배급 에무필름즈, (주)퍼스트런 원작 '니콜라스 스파크스'의 소설 &lt;<b>노트북</b>&gt; 수상 내역... "
사랑과 열정의 명작 : '<b>노트북</b>' <b>리뷰</b>,https://blog.naver.com/stocksnews/223630755372,"2004년 개봉한 '<b>노트북</b>'은 라이언 고슬링과 레이첼 맥아담스가 주연한 로맨스 영화로, 니콜라스... '<b>노트북</b>'은 2016년 한국에서 재개봉하여 약 18만 명의 관객을 동원하며, 그 해 재개봉작 중 가장 큰 흥행을... "
2024 그램 프로 <b>노트북 리뷰</b>,https://blog.naver.com/leemail07/223348457773,<b>노트북</b>을 구매했습니다. 2024 그램 프로 <b>노트북</b>입니다. 3D작업을 해보려고 샀습니다. 엘지 사이트에서 사전예약 구매를 통해 구매했습니다. 박스는 이렇게 종이 박스로 gram이라고 적혀 있구요.. 본체는... 
HP 850G4 중고 <b>노트북 리뷰</b>: i5-7세대와 SSD로 성능... ,https://blog.naver.com/leesanghaesi/223577316160,"HP 850G4 중고 <b>노트북 리뷰</b>: i5-7세대와 SSD로 성능 업그레이드! 안녕하세요, 여러분! 오늘은 HP 850G4 중고 노트북에 대한 리뷰를 해보려고 합니다. 최근 가격 대비 성능이 뛰어난 중고 노트북을 찾는 분들이... "
"감동실화, 위대한 사랑의 약속, 영화 <b>노트북 리뷰</b>.",https://blog.naver.com/nh486yj/220513242436,"미국 리뷰보기 영화, 이프온리와 함께 대표 멜로, 로맨스 영화로 손꼽히는 영화, 노트북. 며칠 전... 영화, <b>노트북 리뷰</b> 바로 시작할게요! *포스팅 전반에 스포일러가 포함되어있으니 주의하세요!* 영화의 시작은... "
잔스포츠 백팩 슈퍼브레이크 플러스 랩탑 <b>리뷰</b>! <b>노트북</b> 백팩... ,https://blog.naver.com/o_ogirls/223231517136,"슈퍼브레이크 플러스 랩탑 NEW 컬러 피치 네온과 함께한 룩, 그리고 <b>노트북</b> 가방으로 활용한 <b>리뷰</b>까지 담아봤어요 JANSPORT SuperBreak Plus Laptop 두 손이 가벼워 자주 사용하는 백팩, 거기에 예쁘고 트렌디하기까지... "
슬림3 15IAU7 <b>리뷰</b>: 가성비 좋은 인텔 12세대 <b>노트북</b>의 진가!,https://blog.naver.com/sayye_s/223605254727,"2024년 레노버 아이디어패드 슬림3 15IAU7 리뷰: 가성비 좋은 인텔 12세대 노트북의 진가! 안녕하세요, 여러분! '세이예'입니다. 오늘은 여러분들께서 관심을 가질 만한 <b>노트북 리뷰</b>를 준비했습니다. 예산은... "
쿠팡 최대할인 삼성전자 갤럭시북4 i3 가성비 <b>노트북</b> 실버 <b>리뷰</b>,https://blog.naver.com/1seb1gscc/223670565891,### 삼성전자 갤럭시북4 i3 가성비 <b>노트북</b> 실버 <b>리뷰</b> 이번 <b>리뷰</b>에서는 삼성전자의 갤럭시북4 모델인 NT750XGR-A31A에 대해 깊이 있게 살펴보겠습니다. 이 <b>노트북</b>은 현대적인 디자인과 뛰어난 성능으로 시장에서... 
스톰북 13인치 고등학생 대학생 노트북 가벼운 <b>노트북 리뷰</b>,https://blog.naver.com/h2fcev/221118434640,가볍고 예쁜 업무용 아이뮤즈 신제품 - 스톰북13 <b>노트북 리뷰</b> 고등학생 대학생 노트북 찾으시는 분들께 희소식 전해드립니다. 2017년 10월에 출시된 따끈따끈한 아이뮤즈 스톰북 13 노트북 모델 후기에요.... 
16 ARP G7 R5: 성능과 스타일을 모두 갖춘 최강 <b>노트북 리뷰</b>!,https://blog.naver.com/leesanghaesi2/223592809264,최강 <b>노트북 리뷰</b>! 안녕하세요! 오늘은 제가 최근에 깊이 있게 탐구한 레노버의 새로운 노트북... 이상으로 레노버 씽크북 16 ARP G7 R5에 대한 자세한 리뷰를 마치겠습니다. 질문이나 궁금한 점이 있으면... 
완벽한 LG 그램15 노트북... LG전자 <b>노트북 리뷰</b> 성능 비교,https://blog.naver.com/reyre345523/223646698200,"게다가 가격 대비 성능이 정말 뛰어난 제품이에요~ ※ 이 리뷰는 제가 직접 사용해보고 느낀... LG전자 <b>노트북 리뷰</b> 및 성능 비교 노트북 시장은 끊임없이 변화하고 있습니다. 특히, LG전자의 그램... "
[<b>리뷰</b>]<b>노트북</b>'ASUS TUF DASH F15'_힘들었던 윈도우11설치 여정,https://blog.naver.com/queserasora_/223053352717,최근 가성비 게임<b>노트북</b>을 찾고 찾다가 아수스 <b>노트북</b>을 구매! 아래는 <b>노트북</b> 모델명 ASUS TUF DASH... ㅋ '<b>리뷰</b>머신'채널의 영상을 참고했음! 그래서 따라하는데 왜..왜 설치 드라이브가 안잡히냐고;;;... 
2023년 삼성 <b>노트북</b> 라인업 분석,https://blog.naver.com/keiraso/223650796504,삼성의 기술적 혁신이 곳곳에 반영되어 있습니다. 이러한 제품들은 앞으로의 노트북 시장에서 삼성의 위치를 더욱 공고히 할 것입니다. #삼성노트북 #갤럭시북 #울트라북 #친환경디자인 #<b>노트북리뷰</b>
최고의 LG 그램 노트북... 그램 <b>노트북 리뷰</b>... ,https://blog.naver.com/mcrppthbp177/223648707048,게다가 가격 대비 성능이 정말 뛰어난 제품이에요~ ※ 이 리뷰는 제가 직접 사용해보고 느낀... 그램 <b>노트북 리뷰</b> 고성능 최고의 LG 그램 노트북 2024 모델 비교 16T90SPKD7BK 16Z90SPED7BK 15Z90SGA5PK LG 그램... 
얇고 가벼운 고사양 ASUS <b>노트북</b> Vivobook S16 OLED <b>리뷰</b>,https://blog.naver.com/whitepolarbear/223505177573,AI 기능도 마음에 들고요. 약 1.5kg의 무게는 어딜 가나 꼭 들고 다니게 만듭니다. 이상으로 얇고 가벼운 고사양 ASUS <b>노트북</b> Vivobook S16 OLED <b>리뷰</b>를 마칩니다.
남녀공용 확장형 여행용 백팩 대용량 출장 <b>노트북</b> 가방 <b>리뷰</b>!,https://blog.naver.com/ha87ecwm/223663945350,"출장 <b>노트북</b> 가방 ￦29,900 원 할인률 : 57% 69,800 원 별점 : ⭐⭐⭐⭐⭐ <b>리뷰</b> : [120] 최저가 기회를 놓치지 마세요 ▶ ▶ 구매는 댓글 확인 ◀ ◀ ✅ ✔️ 남녀 모두 사용 가능한 디자인 ✅ ✔️ 넉넉한... "
2024 LG 그램 14인치 <b>노트북 리뷰</b> 14Z990GA70K 14Z90SGA56K... ,https://blog.naver.com/reji296758/223647914495,"게다가 가격 대비 성능이 정말 뛰어난 제품이에요~ ※ 이 리뷰는 제가 직접 사용해보고 느낀... 14인치 <b>노트북 리뷰</b>: 14Z990GA70K, 14Z90SGA56K, 14Z90RUGA3CK 비교 노트북 시장은 매년 많은 변화와 혁신을... "
